Rk	Player	Nation	Pos	Squad	Age	Born	MP	Starts	Min	90s	Gls	Ast	G-PK	PK	PKatt	CrdY	CrdR	Gls/90	Ast/90	G+A/90	G-PK/90	G+A-PK/90	xG	npxG	xA	npxG+xA	xG/90	xA/90	xG+xA/90	npxG/90	npxG+xA/90
1	Tammy Abraham	eng ENG	FW	Roma	23	1997	37	36	3084	34.3	17	4	14	3	3	9	0	0.5	0.12	0.61	0.41	0.53	20.5	18.3	3.6	21.8	0.6	0.1	0.7	0.53	0.64
2	Francesco Acerbi	it ITA	DF	Lazio	33	1988	30	29	2536	28.2	4	0	4	0	0	2	1	0.14	0	0.14	0.14	0.14	2.2	2.2	0.4	2.6	0.08	0.02	0.09	0.08	0.09
3	Michel Aebischer	ch SUI	MF	Bologna	24	1997	12	4	443	4.9	0	0	0	0	0	1	0	0	0	0	0	0	0.1	0.1	0.4	0.5	0.03	0.08	0.11	0.03	0.11
4	Felix Afena-Gyan	gh GHA	FWMF	Roma	18	2003	17	6	668	7.4	2	0	2	0	0	5	1	0.27	0	0.27	0.27	0.27	1.9	1.9	0.2	2.1	0.25	0.03	0.28	0.25	0.28
5	Kevin Agudelo	co COL	MFFW	Spezia	22	1998	23	12	1237	13.7	3	1	3	0	0	2	1	0.22	0.07	0.29	0.22	0.29	2.5	2.5	0.8	3.3	0.18	0.06	0.24	0.18	0.24
6	Ola Aina	ng NGA	DF	Torino	24	1996	21	17	1437	16	0	0	0	0	0	4	0	0	0	0	0	0	0.3	0.3	1.4	1.7	0.02	0.09	0.11	0.02	0.11
7	Marley Aké	fr FRA	MFFW	Juventus	20	2001	4	0	77	0.9	0	0	0	0	0	1	0	0	0	0	0	0	0	0	0	0	0	0	0	0	0
8	Jean-Daniel Akpa-Akpro	ci CIV	MF	Lazio	28	1992	10	4	315	3.5	0	0	0	0	0	1	0	0	0	0	0	0	0.4	0.4	0	0.5	0.12	0.01	0.13	0.12	0.13
9	Luis Alberto	es ESP	MF	Lazio	28	1992	34	27	2353	26.1	5	9	5	0	0	5	0	0.19	0.34	0.54	0.19	0.54	3.5	3.5	7.8	11.3	0.14	0.3	0.43	0.14	0.43
10	Giorgio Altare	it ITA	DF	Cagliari	22	1998	19	17	1466	16.3	1	0	1	0	0	5	0	0.06	0	0.06	0.06	0.06	1.3	1.3	0.5	1.8	0.08	0.03	0.11	0.08	0.11
11	Wisdom Amey	it ITA	DF	Bologna	15	2005	1	1	71	0.8	0	0	0	0	0	0	0	0	0	0	0	0	0	0	0	0	0	0	0	0	0
12	Kelvin Amian	fr FRA	DF	Spezia	23	1998	32	31	2646	29.4	1	1	1	0	0	9	2	0.03	0.03	0.07	0.03	0.07	2.4	2.4	1.2	3.6	0.08	0.04	0.12	0.08	0.12
13	Nadiem Amiri	de GER	MFFW	Genoa	24	1996	13	9	683	7.6	0	1	0	0	0	0	0	0	0.13	0.13	0	0.13	1.1	1.1	1.6	2.7	0.14	0.21	0.35	0.14	0.35
14	Ethan Ampadu	wls WAL	MFDF	Venezia	20	2000	29	26	2282	25.4	0	3	0	0	0	13	2	0	0.12	0.12	0	0.12	0.3	0.3	1.4	1.7	0.01	0.06	0.07	0.01	0.07
15	Sofyan Amrabat	ma MAR	MF	Fiorentina	24	1996	23	8	944	10.5	1	0	1	0	0	6	0	0.1	0	0.1	0.1	0.1	0.2	0.2	0.2	0.4	0.02	0.02	0.04	0.02	0.04
16	Felipe Anderson	br BRA	FW	Lazio	28	1993	38	33	2888	32.1	6	8	6	0	0	2	0	0.19	0.25	0.44	0.19	0.44	5.5	5.5	6.9	12.5	0.17	0.22	0.39	0.17	0.39
17	Ebenezer Annan	gh GHA	DF	Bologna	18	2002	1	0	25	0.3	0	0	0	0	0	0	0	0	0	0	0	0	0	0	0	0	0	0	0	0	0
18	Cristian Ansaldi	ar ARG	DF	Torino	34	1986	19	5	691	7.7	0	3	0	0	0	2	0	0	0.39	0.39	0	0.39	0.3	0.3	1.4	1.7	0.04	0.19	0.22	0.04	0.22
19	Janis Antiste	fr FRA	FW	Spezia	18	2002	18	9	796	8.8	1	0	1	0	0	0	0	0.11	0	0.11	0.11	0.11	1.4	1.4	0.3	1.7	0.16	0.03	0.19	0.16	0.19
20	Mattia Aramu	it ITA	MFFW	Venezia	26	1995	32	25	2100	23.3	7	5	4	3	4	6	0	0.3	0.21	0.51	0.17	0.39	6.9	3.9	4.4	8.4	0.3	0.19	0.49	0.17	0.36
21	Marko Arnautovi?	at AUT	FW	Bologna	32	1989	33	32	2694	29.9	14	1	12	2	3	6	0	0.47	0.03	0.5	0.4	0.43	14.7	12.5	4.4	16.9	0.49	0.15	0.64	0.42	0.57
22	Tolgay Arslan	de GER	MF	Udinese	30	1990	30	22	1658	18.4	1	0	1	0	0	9	0	0.05	0	0.05	0.05	0.05	1.2	1.2	1.7	2.9	0.07	0.09	0.16	0.07	0.16
23	Arthur	br BRA	FW	Fiorentina	23	1998	14	8	749	8.3	2	2	2	0	0	1	0	0.24	0.24	0.48	0.24	0.48	3.7	3.7	0.3	4	0.45	0.03	0.48	0.45	0.48
24	Kristoffer Askildsen	no NOR	MF	Sampdoria	20	2001	19	7	754	8.4	0	0	0	0	0	5	0	0	0	0	0	0	0.3	0.3	0.2	0.4	0.03	0.02	0.05	0.03	0.05
25	Kristjan Asllani	al ALB	MF	Empoli	19	2002	23	14	1353	15	1	1	1	0	0	2	0	0.07	0.07	0.13	0.07	0.13	0.8	0.8	1.1	1.9	0.05	0.07	0.13	0.05	0.13
26	Emil Audero	it ITA	GK	Sampdoria	24	1997	29	29	2560	28.4	0	0	0	0	0	2	0	0	0	0	0	0	0	0	0.4	0.4	0	0.01	0.01	0	0.01
27	Tommaso Augello	it ITA	DF	Sampdoria	26	1994	36	25	2395	26.6	1	1	1	0	0	0	0	0.04	0.04	0.08	0.04	0.08	0.4	0.4	1.9	2.3	0.01	0.07	0.09	0.01	0.09
28	Ramzi Aya	it ITA	DF	Salernitana	30	1990	2	2	135	1.5	0	0	0	0	0	1	0	0	0	0	0	0	0	0	0	0	0.03	0	0.03	0.03	0.03
29	Kaan Ayhan	tr TUR	DF	Sassuolo	26	1994	23	14	1354	15	1	0	1	0	0	2	1	0.07	0	0.07	0.07	0.07	0.3	0.3	0	0.4	0.02	0	0.02	0.02	0.02
30	Milan Badelj	hr CRO	MF	Genoa	32	1989	34	34	2844	31.6	1	0	1	0	0	4	0	0.03	0	0.03	0.03	0.03	1.2	1.2	2.3	3.5	0.04	0.07	0.11	0.04	0.11
31	Nicola Bagnolini	it ITA	GK	Bologna	17	2004	1	0	3	0	0	0	0	0	0	0	0	0	0	0	0	0	0	0	0	0	0	0	0	0	0
32	Issa Bah	lu LUX	FW	Venezia	19	2002	1	0	9	0.1	0	0	0	0	0	0	0	0	0	0	0	0	0	0	0	0	0	0	0	0	0
33	Nedim Bajrami	al ALB	MFFW	Empoli	22	1999	35	23	2054	22.8	6	5	3	3	3	3	0	0.26	0.22	0.48	0.13	0.35	6.2	3.9	5.2	9.1	0.27	0.23	0.5	0.17	0.4
34	Tiemoué Bakayoko	fr FRA	MF	Milan	26	1994	14	5	501	5.6	0	0	0	0	0	3	0	0	0	0	0	0	0.3	0.3	0.5	0.8	0.05	0.09	0.15	0.05	0.15
35	Tommaso Baldanzi	it ITA	FW	Empoli	18	2003	1	0	18	0.2	0	0	0	0	0	0	0	0	0	0	0	0	0	0	0	0	0	0.14	0.14	0	0.14
36	Keita Baldé	sn SEN	FWMF	Cagliari	26	1995	26	14	1229	13.7	3	1	3	0	0	2	0	0.22	0.07	0.29	0.22	0.29	3.2	3.2	1.1	4.2	0.23	0.08	0.31	0.23	0.31
37	Fodé Ballo-Touré	sn SEN	DF	Milan	24	1997	10	5	446	5	0	0	0	0	0	2	0	0	0	0	0	0	0.5	0.5	0.2	0.7	0.11	0.04	0.15	0.11	0.15
38	Filippo Bandinelli	it ITA	MF	Empoli	26	1995	35	24	1955	21.7	2	3	2	0	0	10	0	0.09	0.14	0.23	0.09	0.23	2.6	2.6	3.1	5.6	0.12	0.14	0.26	0.12	0.26
39	Mattia Bani	it ITA	DF	Genoa	27	1993	17	13	1211	13.5	0	0	0	0	0	1	0	0	0	0	0	0	1.2	1.2	0	1.2	0.09	0	0.09	0.09	0.09
40	Antonín Barák	cz CZE	FWMF	Hellas Verona	26	1994	29	27	2340	26	11	4	7	4	4	4	0	0.42	0.15	0.58	0.27	0.42	9.5	6.5	3.4	9.8	0.37	0.13	0.5	0.25	0.38
41	Francesco Bardi	it ITA	GK	Bologna	29	1992	2	2	177	2	0	0	0	0	0	0	0	0	0	0	0	0	0	0	0	0	0	0	0	0	0
42	Nicolò Barella	it ITA	MF	Inter	24	1997	36	36	2913	32.4	3	11	3	0	0	9	0	0.09	0.34	0.43	0.09	0.43	5.2	5.2	7.9	13.1	0.16	0.24	0.4	0.16	0.4
43	Musa Barrow	gm GAM	FWMF	Bologna	22	1998	34	25	2134	23.7	6	6	6	0	0	0	0	0.25	0.25	0.51	0.25	0.51	5.4	5.4	4.4	9.8	0.23	0.18	0.41	0.23	0.41
44	Daniele Baselli	it ITA	MFFW	Torino	29	1992	6	0	150	1.7	0	0	0	0	0	0	0	0	0	0	0	0	0.3	0.3	0	0.3	0.17	0.01	0.18	0.17	0.18
45	Daniele Baselli	it ITA	MF	Cagliari	29	1992	9	2	290	3.2	0	1	0	0	0	1	0	0	0.31	0.31	0	0.31	0.5	0.5	0.5	0.9	0.14	0.15	0.29	0.14	0.29
46	Toma Baši?	hr CRO	MF	Lazio	24	1996	29	9	982	10.9	0	2	0	0	0	3	0	0	0.18	0.18	0	0.18	1.7	1.7	0.8	2.5	0.16	0.08	0.23	0.16	0.23
47	Alessandro Bastoni	it ITA	DF	Inter	22	1999	31	29	2311	25.7	1	2	1	0	0	4	0	0.04	0.08	0.12	0.04	0.12	0.5	0.5	1.4	1.9	0.02	0.05	0.07	0.02	0.07
48	Simone Bastoni	it ITA	MFDF	Spezia	24	1996	31	26	2288	25.4	3	3	3	0	0	5	1	0.12	0.12	0.24	0.12	0.24	1.7	1.7	3.4	5.1	0.07	0.13	0.2	0.07	0.2
49	Rodrigo Becão	br BRA	DF	Udinese	25	1996	35	35	3130	34.8	2	1	2	0	0	10	0	0.06	0.03	0.09	0.06	0.09	1.1	1.1	0.8	1.9	0.03	0.02	0.05	0.03	0.05
50	Valon Behrami	ch SUI	MF	Genoa	36	1985	10	2	311	3.5	0	0	0	0	0	3	0	0	0	0	0	0	0.1	0.1	0.1	0.2	0.02	0.04	0.06	0.02	0.06
51	Vid Belec	si SVN	GK	Salernitana	31	1990	23	21	1938	21.5	0	0	0	0	0	1	0	0	0	0	0	0	0	0	0	0	0	0	0	0	0
52	Raoul Bellanova	it ITA	DF	Cagliari	21	2000	31	27	2496	27.7	1	2	1	0	0	3	0	0.04	0.07	0.11	0.04	0.11	1.8	1.8	3.8	5.6	0.06	0.14	0.2	0.06	0.2
53	Andrea Belotti	it ITA	FW	Torino	27	1993	22	16	1371	15.2	8	1	5	3	3	1	0	0.53	0.07	0.59	0.33	0.39	7.6	5.3	1	6.3	0.5	0.06	0.56	0.35	0.41
54	Marco Benassi	it ITA	DFMF	Fiorentina	26	1994	6	1	158	1.8	0	0	0	0	0	1	0	0	0	0	0	0	0.1	0.1	0.1	0.1	0.06	0.03	0.08	0.06	0.08
55	Marco Benassi	it ITA	MF	Empoli	26	1994	12	3	382	4.2	0	0	0	0	0	1	0	0	0	0	0	0	0.5	0.5	0.4	0.8	0.11	0.09	0.2	0.11	0.2
56	Filip Benkovi?	hr CRO	DFFW	Udinese	24	1997	2	0	8	0.1	0	0	0	0	0	0	0	0	0	0	0	0	0.1	0.1	0	0.1	0.95	0	0.95	0.95	0.95
57	Ismaël Bennacer	dz ALG	MF	Milan	23	1997	31	15	1525	16.9	2	1	2	0	0	7	0	0.12	0.06	0.18	0.12	0.18	0.8	0.8	2	2.8	0.05	0.12	0.16	0.05	0.16
58	Rodrigo Bentancur	uy URU	MF	Juventus	24	1997	19	13	1155	12.8	0	1	0	0	0	1	0	0	0.08	0.08	0	0.08	0.4	0.4	0.3	0.8	0.03	0.02	0.06	0.03	0.06
59	Alessandro Berardi	it ITA	GK	Hellas Verona	30	1991	1	1	90	1	0	0	0	0	0	0	0	0	0	0	0	0	0	0	0	0	0	0	0	0	0
60	Domenico Berardi	it ITA	FW	Sassuolo	26	1994	33	33	2819	31.3	15	14	9	6	6	9	0	0.48	0.45	0.93	0.29	0.73	12.4	7.8	8.5	16.3	0.39	0.27	0.67	0.25	0.52
61	Bartosz Bereszy?ski	pl POL	DF	Sampdoria	29	1992	35	35	2946	32.7	0	3	0	0	0	12	0	0	0.09	0.09	0	0.09	0.7	0.7	1.1	1.8	0.02	0.03	0.05	0.02	0.05
62	Etrit Berisha	al ALB	GK	Torino	32	1989	10	10	900	10	0	0	0	0	0	1	0	0	0	0	0	0	0	0	0	0	0	0	0	0	0
63	Federico Bernardeschi	it ITA	MFFW	Juventus	27	1994	28	16	1475	16.4	1	3	1	0	0	5	0	0.06	0.18	0.24	0.06	0.24	1.4	1.4	1.9	3.3	0.09	0.12	0.2	0.09	0.2
64	Nicolò Bertola	it ITA	MFDF	Spezia	18	2003	2	0	35	0.4	0	0	0	0	0	0	0	0	0	0	0	0	0	0	0	0	0.04	0	0.04	0.04	0.04
65	Daniel Bessa	it ITA	MFFW	Hellas Verona	28	1993	24	5	768	8.5	1	1	1	0	0	5	1	0.12	0.12	0.23	0.12	0.23	0.3	0.3	0.8	1.2	0.04	0.1	0.14	0.04	0.14
66	Beto	gw GNB	FW	Udinese	23	1998	28	24	2173	24.1	11	0	11	0	0	1	0	0.46	0	0.46	0.46	0.46	10.6	10.6	1.5	12.1	0.44	0.06	0.5	0.44	0.5
67	Luis Binks	eng ENG	DF	Bologna	19	2001	15	7	646	7.2	0	0	0	0	0	3	0	0	0	0	0	0	0	0	0	0.1	0.01	0	0.01	0.01	0.01
68	Cristiano Biraghi	it ITA	DF	Fiorentina	28	1992	37	37	3153	35	4	1	3	1	2	5	1	0.11	0.03	0.14	0.09	0.11	3.3	1.8	5.8	7.6	0.1	0.16	0.26	0.05	0.22
69	Davide Biraschi	it ITA	DF	Genoa	27	1994	14	11	930	10.3	0	0	0	0	0	4	0	0	0	0	0	0	0.1	0.1	0.3	0.4	0.01	0.03	0.04	0.01	0.04
70	Bjarki Bjarkason	is ISL	FW	Venezia	21	2000	1	0	3	0	0	0	0	0	0	0	0	0	0	0	0	0	0	0	0	0	0	0	0	0	0
71	Jeremie Boga	ci CIV	FWMF	Atalanta	24	1997	15	7	764	8.5	0	0	0	0	0	0	0	0	0	0	0	0	1.2	1.2	1.7	2.9	0.14	0.2	0.34	0.14	0.34
72	Jeremie Boga	ci CIV	FWMF	Sassuolo	24	1997	12	8	670	7.4	0	2	0	0	0	0	0	0	0.27	0.27	0	0.27	1	1	0.8	1.8	0.13	0.1	0.24	0.13	0.24
73	Luka Bogdan	hr CRO	DF	Salernitana	25	1996	6	4	399	4.4	0	0	0	0	0	0	0	0	0	0	0	0	0	0	0	0.1	0.01	0.01	0.01	0.01	0.01
74	Emil Bohinen	no NOR	MF	Salernitana	22	1999	11	8	699	7.8	0	1	0	0	0	5	0	0	0.13	0.13	0	0.13	0.1	0.1	0.5	0.6	0.02	0.06	0.08	0.02	0.08
75	Giacomo Bonaventura	it ITA	MF	Fiorentina	31	1989	31	28	2266	25.2	4	4	4	0	0	8	1	0.16	0.16	0.32	0.16	0.32	5.1	5.1	2.5	7.5	0.2	0.1	0.3	0.2	0.3
76	Federico Bonazzoli	it ITA	FWMF	Salernitana	24	1997	32	19	1866	20.7	10	0	8	2	2	6	0	0.48	0	0.48	0.39	0.39	7.4	5.9	0.8	6.7	0.36	0.04	0.4	0.29	0.32
77	Kevin Bonifazi	it ITA	DF	Bologna	25	1996	22	14	1210	13.4	0	0	0	0	0	4	1	0	0	0	0	0	0.7	0.7	0.8	1.5	0.05	0.06	0.11	0.05	0.11
78	Leonardo Bonucci	it ITA	DF	Juventus	34	1987	24	22	2005	22.3	5	0	2	3	3	1	0	0.22	0	0.22	0.09	0.09	4.9	2.6	0.4	3	0.22	0.02	0.24	0.12	0.13
79	Mehdi Bourabia	ma MAR	MF	Spezia	29	1991	8	2	282	3.1	1	0	1	0	0	0	0	0.32	0	0.32	0.32	0.32	0	0	0	0.1	0.01	0.01	0.03	0.01	0.03
80	Edoardo Bove	it ITA	MFFW	Roma	19	2002	11	0	68	0.8	1	0	1	0	0	0	0	1.32	0	1.32	1.32	1.32	0	0	0	0	0.02	0	0.02	0.02	0.02
81	Josip Brekalo	hr CRO	FWMF	Torino	23	1998	32	26	2286	25.4	7	2	7	0	0	1	0	0.28	0.08	0.35	0.28	0.35	4.7	4.7	5.1	9.9	0.19	0.2	0.39	0.19	0.39
82	Gleison Bremer	br BRA	DF	Torino	24	1997	33	33	2890	32.1	3	1	3	0	0	7	0	0.09	0.03	0.12	0.09	0.12	4.1	4.1	0.2	4.3	0.13	0.01	0.13	0.13	0.13
83	Marcelo Brozovi?	hr CRO	MF	Inter	28	1992	35	35	2937	32.6	2	1	2	0	0	7	0	0.06	0.03	0.09	0.06	0.09	1.2	1.2	1.8	3	0.04	0.06	0.09	0.04	0.09
84	Aleksander Buksa	pl POL	FW	Genoa	18	2003	4	0	63	0.7	0	0	0	0	0	0	0	0	0	0	0	0	0	0	0	0	0	0	0	0	0
85	Alessandro Buongiorno	it ITA	DF	Torino	22	1999	23	12	1181	13.1	0	1	0	0	0	5	0	0	0.08	0.08	0	0.08	0.5	0.5	0.7	1.2	0.04	0.05	0.09	0.04	0.09
86	Gianluca Busio	us USA	MF	Venezia	19	2002	29	23	1950	21.7	1	1	1	0	0	8	0	0.05	0.05	0.09	0.05	0.09	1	1	1.7	2.7	0.05	0.08	0.12	0.05	0.12
87	Jovane Cabral	cv CPV	FW	Lazio	23	1998	3	2	190	2.1	1	0	1	0	0	0	0	0.47	0	0.47	0.47	0.47	0.9	0.9	0.5	1.4	0.43	0.22	0.65	0.43	0.65
88	Liberato Cacace	nz NZL	DF	Empoli	20	2000	10	5	466	5.2	0	0	0	0	0	1	0	0	0	0	0	0	0	0	0	0	0.01	0	0.01	0.01	0.01
89	Martín Cáceres	uy URU	DF	Cagliari	34	1987	14	9	832	9.2	1	1	1	0	0	3	1	0.11	0.11	0.22	0.11	0.22	0.3	0.3	0.4	0.7	0.03	0.04	0.07	0.03	0.07
90	Felipe Caicedo	ec ECU	FW	Genoa	32	1988	9	1	284	3.2	1	2	1	0	0	1	0	0.32	0.63	0.95	0.32	0.95	1.2	1.2	0.9	2.2	0.39	0.29	0.68	0.39	0.68
91	Felipe Caicedo	ec ECU	FW	Inter	32	1988	3	0	23	0.3	0	0	0	0	0	0	0	0	0	0	0	0	0	0	0.2	0.2	0	0.67	0.67	0	0.67
92	Davide Calabria	it ITA	DF	Milan	24	1996	26	24	2119	23.5	2	2	2	0	0	2	0	0.08	0.08	0.17	0.08	0.17	3.2	3.2	1.4	4.6	0.14	0.06	0.2	0.14	0.2
93	Riccardo Calafiori	it ITA	DF	Genoa	19	2002	3	1	82	0.9	0	0	0	0	0	1	0	0	0	0	0	0	0	0	0	0	0.05	0	0.05	0.05	0.05
94	Riccardo Calafiori	it ITA	DF	Roma	19	2002	6	2	174	1.9	0	1	0	0	0	2	0	0	0.52	0.52	0	0.52	0	0	0.8	0.8	0	0.41	0.41	0	0.41
95	Mattia Caldara	it ITA	DF	Venezia	27	1994	31	30	2704	30	1	0	1	0	0	9	0	0.03	0	0.03	0.03	0.03	1.7	1.7	0	1.7	0.06	0	0.06	0.06	0.06
96	Hakan Çalhano?lu	tr TUR	MF	Inter	27	1994	34	33	2480	27.6	7	12	4	3	3	11	0	0.25	0.44	0.69	0.15	0.58	6.5	3.9	8.3	12.2	0.23	0.3	0.54	0.14	0.44
97	José Callejón	es ESP	FW	Fiorentina	34	1987	30	16	1298	14.4	1	2	1	0	0	0	0	0.07	0.14	0.21	0.07	0.21	1.7	1.7	3	4.8	0.12	0.21	0.33	0.12	0.33
98	Andrea Cambiaso	it ITA	DF	Genoa	21	2000	26	21	1790	19.9	1	4	1	0	0	5	1	0.05	0.2	0.25	0.05	0.25	0.7	0.7	1.8	2.5	0.04	0.09	0.13	0.04	0.13
99	Matteo Cancellieri	it ITA	MFDF	Hellas Verona	19	2002	12	1	227	2.5	1	0	1	0	0	1	0	0.4	0	0.4	0.4	0.4	0.2	0.2	0.2	0.4	0.07	0.1	0.17	0.07	0.17
100	Antonio Candreva	it ITA	MFFW	Sampdoria	34	1987	36	36	3119	34.7	7	10	6	1	2	6	1	0.2	0.29	0.49	0.17	0.46	6	4.5	6.7	11.1	0.17	0.19	0.36	0.13	0.32
101	Leonardo Capezzi	it ITA	MF	Salernitana	26	1995	5	2	175	1.9	0	0	0	0	0	0	0	0	0	0	0	0	0	0	0	0	0	0	0	0	0
102	Gianluca Caprari	it ITA	FWMF	Hellas Verona	28	1993	35	33	2739	30.4	12	7	10	2	2	4	0	0.39	0.23	0.62	0.33	0.56	7.3	5.7	6.8	12.5	0.24	0.22	0.46	0.19	0.41
103	Francesco Caputo	it ITA	FW	Sampdoria	33	1987	36	31	2790	31	11	3	11	0	1	0	0	0.35	0.1	0.45	0.35	0.45	10.8	9.8	3.4	13.3	0.35	0.11	0.46	0.32	0.43
104	Francesco Caputo	it ITA	FW	Sassuolo	33	1987	2	2	156	1.7	0	1	0	0	0	1	0	0	0.58	0.58	0	0.58	0.7	0.7	0.4	1	0.39	0.21	0.6	0.39	0.6
105	Andrea Carboni	it ITA	DF	Cagliari	20	2001	30	25	2215	24.6	0	0	0	0	0	6	0	0	0	0	0	0	0.6	0.6	0.2	0.8	0.02	0.01	0.03	0.02	0.03
106	Nicolò Casale	it ITA	DF	Hellas Verona	23	1998	36	30	2586	28.7	0	1	0	0	0	10	0	0	0.03	0.03	0	0.03	0.7	0.7	1.3	2	0.03	0.04	0.07	0.03	0.07
107	Francesco Cassata	it ITA	MF	Genoa	24	1997	1	0	7	0.1	0	0	0	0	0	0	0	0	0	0	0	0	0	0	0	0	0	0	0	0	0
108	Samu Castillejo	es ESP	FWMF	Milan	26	1995	5	1	125	1.4	0	0	0	0	0	1	0	0	0	0	0	0	0.1	0.1	0.2	0.3	0.08	0.13	0.21	0.08	0.21
109	Gaetano Castrovilli	it ITA	MF	Fiorentina	24	1997	23	16	1391	15.5	1	1	1	0	0	4	0	0.06	0.06	0.13	0.06	0.13	1.2	1.2	1.6	2.8	0.08	0.1	0.18	0.08	0.18
110	Danilo Cataldi	it ITA	MF	Lazio	26	1994	32	19	1707	19	1	2	1	0	0	8	0	0.05	0.11	0.16	0.05	0.16	0.4	0.4	2.4	2.8	0.02	0.13	0.15	0.02	0.15
111	Pietro Ceccaroni	it ITA	DF	Venezia	25	1995	35	35	3122	34.7	2	1	2	0	0	7	1	0.06	0.03	0.09	0.06	0.09	2.1	2.1	0.3	2.4	0.06	0.01	0.07	0.06	0.07
112	Federico Ceccherini	it ITA	DF	Hellas Verona	29	1992	34	29	2358	26.2	1	0	1	0	0	12	1	0.04	0	0.04	0.04	0.04	1.8	1.8	0.7	2.6	0.07	0.03	0.1	0.07	0.1
113	Emil Ceide	no NOR	FWDF	Sassuolo	19	2001	6	0	53	0.6	0	0	0	0	0	0	0	0	0	0	0	0	0	0	0	0	0	0	0	0	0
114	Luca Ceppitelli	it ITA	DF	Cagliari	31	1989	24	16	1445	16.1	1	1	1	0	0	3	0	0.06	0.06	0.12	0.06	0.12	0.6	0.6	0	0.6	0.04	0	0.04	0.04	0.04
115	Damir Ceter	co COL	FW	Cagliari	23	1997	1	0	6	0.1	0	0	0	0	0	0	0	0	0	0	0	0	0	0	0	0	0	0	0	0	0
116	Julian Chabot	de GER	DF	Sampdoria	23	1998	11	4	490	5.4	0	0	0	0	0	5	0	0	0	0	0	0	0.1	0.1	0	0.1	0.02	0	0.02	0.02	0.02
117	Giorgio Chiellini	it ITA	DF	Juventus	36	1984	21	16	1354	15	0	0	0	0	0	2	0	0	0	0	0	0	0.6	0.6	0.3	0.9	0.04	0.02	0.06	0.04	0.06
118	Federico Chiesa	it ITA	MFFW	Juventus	23	1997	14	11	863	9.6	2	2	2	0	0	0	0	0.21	0.21	0.42	0.21	0.42	2.3	2.3	1.2	3.5	0.24	0.12	0.37	0.24	0.37
119	Vlad Chiriche?	ro ROU	DF	Sassuolo	31	1989	29	27	2300	25.6	0	0	0	0	0	4	0	0	0	0	0	0	0.7	0.7	0.1	0.7	0.03	0	0.03	0.03	0.03
120	Riccardo Ciervo	it ITA	MFDF	Sampdoria	19	2002	10	1	227	2.5	0	1	0	0	0	0	0	0	0.4	0.4	0	0.4	0.1	0.1	0.2	0.4	0.05	0.09	0.14	0.05	0.14
121	Moustapha Cissé	gn GUI	FW	Atalanta	17	2003	3	0	38	0.4	1	0	1	0	0	0	0	2.37	0	2.37	2.37	2.37	0.5	0.5	0	0.5	1.21	0	1.21	1.21	1.21
122	Giorgio Cittadini	it ITA	DF	Atalanta	19	2002	2	0	4	0	0	0	0	0	0	0	0	0	0	0	0	0	0	0	0	0	0	0	0	0	0
123	Ebrima Colley	gm GAM	FWMF	Spezia	21	2000	11	3	394	4.4	0	0	0	0	0	1	0	0	0	0	0	0	0.7	0.7	1.6	2.2	0.16	0.35	0.51	0.16	0.51
124	Omar Colley	gm GAM	DF	Sampdoria	28	1992	32	31	2745	30.5	0	0	0	0	0	6	1	0	0	0	0	0	1.4	1.4	0	1.4	0.05	0	0.05	0.05	0.05
125	Andrea Consigli	it ITA	GK	Sassuolo	34	1987	37	37	3322	36.9	0	0	0	0	0	2	0	0	0	0	0	0	0	0	0.1	0.1	0	0	0	0	0
126	Andrea Conti	it ITA	DFMF	Sampdoria	27	1994	7	2	234	2.6	1	0	1	0	0	1	0	0.38	0	0.38	0.38	0.38	0.3	0.3	0	0.3	0.12	0	0.12	0.12	0.12
127	Andrea Conti	it ITA	DF	Milan	27	1994	1	0	13	0.1	0	0	0	0	0	0	0	0	0	0	0	0	0	0	0	0	0	0	0	0	0
128	Diego Coppola	it ITA	DF	Hellas Verona	17	2003	4	3	249	2.8	0	0	0	0	0	0	0	0	0	0	0	0	0.1	0.1	0	0.1	0.02	0	0.02	0.02	0.02
129	Joaquín Correa	ar ARG	FW	Inter	26	1994	26	12	1025	11.4	6	1	6	0	0	2	0	0.53	0.09	0.61	0.53	0.61	4.8	4.8	2	6.7	0.42	0.17	0.59	0.42	0.59
130	Lassana Coulibaly	ml MLI	MF	Salernitana	25	1996	31	29	2332	25.9	0	0	0	0	0	3	0	0	0	0	0	0	0.9	0.9	0.3	1.3	0.04	0.01	0.05	0.04	0.05
131	Mamadou Coulibaly	sn SEN	MF	Salernitana	22	1999	12	9	808	9	2	0	2	0	0	1	0	0.22	0	0.22	0.22	0.22	1.2	1.2	0.2	1.4	0.13	0.03	0.16	0.13	0.16
132	Alessio Cragno	it ITA	GK	Cagliari	27	1994	35	35	3150	35	0	0	0	0	0	3	0	0	0	0	0	0	0	0	0	0	0	0	0	0	0
133	Domenico Criscito	it ITA	DF	Genoa	34	1986	20	18	1618	18	6	1	0	6	7	4	0	0.33	0.06	0.39	0	0.06	5.6	0.3	0.8	1.1	0.31	0.04	0.36	0.02	0.06
134	Bryan Cristante	it ITA	MF	Roma	26	1995	34	29	2678	29.8	2	0	2	0	0	9	0	0.07	0	0.07	0.07	0.07	2.3	2.3	1.6	3.9	0.08	0.05	0.13	0.08	0.13
135	Domen ?rnigoj	si SVN	MFDF	Venezia	25	1995	34	22	1881	20.9	3	1	3	0	0	3	0	0.14	0.05	0.19	0.14	0.19	2.3	2.3	0.9	3.2	0.11	0.04	0.15	0.11	0.15
136	Giovanni Crociata	it ITA	FW	Empoli	23	1997	1	0	15	0.2	0	0	0	0	0	0	0	0	0	0	0	0	0.1	0.1	0	0.1	0.31	0	0.31	0.31	0.31
137	Juan Cuadrado	co COL	DFMF	Juventus	33	1988	33	28	2487	27.6	4	3	4	0	0	9	0	0.14	0.11	0.25	0.14	0.25	2	2	5	7	0.07	0.18	0.25	0.07	0.25
138	Mickaël Cuisance	fr FRA	MF	Venezia	21	1999	13	13	918	10.2	0	0	0	0	0	2	0	0	0	0	0	0	0.5	0.5	1	1.5	0.05	0.09	0.15	0.05	0.15
139	Patrick Cutrone	it ITA	FW	Empoli	23	1998	28	15	1401	15.6	3	0	3	0	0	1	0	0.19	0	0.19	0.19	0.19	4.7	4.7	0.9	5.6	0.3	0.06	0.36	0.3	0.36
140	Danilo D'Ambrosio	it ITA	DF	Inter	32	1988	20	9	1000	11.1	1	1	1	0	0	2	0	0.09	0.09	0.18	0.09	0.18	1.9	1.9	0.1	2	0.17	0.01	0.18	0.17	0.18
141	Mikkel Damsgaard	dk DEN	MFFW	Sampdoria	21	2000	11	6	578	6.4	0	0	0	0	0	1	0	0	0	0	0	0	0.7	0.7	0.4	1.2	0.12	0.07	0.19	0.12	0.19
142	Danilo	br BRA	DFMF	Juventus	30	1991	22	22	1893	21	1	2	1	0	0	6	0	0.05	0.1	0.14	0.05	0.14	1.2	1.2	1.2	2.4	0.06	0.06	0.11	0.06	0.11
143	Ebrima Darboe	gm GAM	MF	Roma	20	2001	1	1	63	0.7	0	0	0	0	0	0	0	0	0	0	0	0	0	0	0	0	0.04	0	0.04	0.04	0.04
144	Matteo Darmian	it ITA	DF	Inter	31	1989	25	18	1507	16.7	2	1	2	0	0	4	0	0.12	0.06	0.18	0.12	0.18	0.9	0.9	2.2	3.1	0.05	0.13	0.19	0.05	0.19
145	Pawe? Dawidowicz	pl POL	DF	Hellas Verona	26	1995	17	13	1198	13.3	0	0	0	0	0	3	0	0	0	0	0	0	0.4	0.4	0.1	0.5	0.03	0.01	0.04	0.03	0.04
146	Sebastien De Maio	fr FRA	DF	Udinese	34	1987	2	2	180	2	0	0	0	0	0	0	0	0	0	0	0	0	0	0	0.3	0.3	0	0.14	0.14	0	0.14
147	Tommaso De Nipoti	it ITA	MF	Atalanta	18	2003	1	0	6	0.1	0	0	0	0	0	0	0	0	0	0	0	0	0	0	0	0	0	0	0	0	0
148	Mattia De Sciglio	it ITA	DF	Juventus	28	1992	20	13	1168	13	1	2	1	0	0	2	1	0.08	0.15	0.23	0.08	0.23	0.2	0.2	2.4	2.6	0.02	0.19	0.2	0.02	0.2
149	Lorenzo De Silvestri	it ITA	DF	Bologna	33	1988	31	27	2294	25.5	3	2	3	0	0	7	0	0.12	0.08	0.2	0.12	0.2	2	2	2.1	4	0.08	0.08	0.16	0.08	0.16
150	Grégoire Defrel	mq MTQ	FW	Sassuolo	30	1991	38	11	1362	15.1	2	2	2	0	0	3	0	0.13	0.13	0.26	0.13	0.26	3.9	3.9	2.1	6	0.26	0.14	0.4	0.26	0.4
151	Alessandro Deiola	it ITA	MF	Cagliari	25	1995	33	28	2129	23.7	4	1	4	0	0	5	0	0.17	0.04	0.21	0.17	0.21	2.3	2.3	1.3	3.6	0.1	0.06	0.15	0.1	0.15
152	Filippo Delli Carri	it ITA	DF	Salernitana	22	1999	5	3	334	3.7	0	0	0	0	0	1	0	0	0	0	0	0	0.1	0.1	0.1	0.2	0.04	0.02	0.05	0.04	0.05
153	Merih Demiral	tr TUR	DF	Atalanta	23	1998	28	22	1917	21.3	1	2	1	0	0	8	0	0.05	0.09	0.14	0.05	0.14	2.2	2.2	0	2.2	0.1	0	0.1	0.1	0.1
154	Diego Demme	de GER	MF	Napoli	29	1991	19	7	692	7.7	1	0	1	0	0	4	0	0.13	0	0.13	0.13	0.13	0.3	0.3	0.3	0.6	0.04	0.04	0.08	0.04	0.08
155	Fabio Depaoli	it ITA	DF	Hellas Verona	24	1997	18	7	703	7.8	1	1	1	0	0	3	0	0.13	0.13	0.26	0.13	0.26	0.6	0.6	0.3	0.9	0.07	0.04	0.12	0.07	0.12
156	Fabio Depaoli	it ITA	MFDF	Sampdoria	24	1997	6	1	112	1.2	0	0	0	0	0	1	0	0	0	0	0	0	0	0	0	0	0	0	0	0	0
157	Mattia Destro	it ITA	FW	Genoa	30	1991	27	21	1744	19.4	9	1	9	0	0	4	0	0.46	0.05	0.52	0.46	0.52	7.7	7.7	1	8.7	0.4	0.05	0.45	0.4	0.45
158	Gerard Deulofeu	es ESP	FWMF	Udinese	27	1994	34	31	2616	29.1	13	5	12	1	1	9	0	0.45	0.17	0.62	0.41	0.58	8.5	7.8	7	14.8	0.29	0.24	0.54	0.27	0.51
159	Jacopo Dezi	it ITA	MF	Venezia	29	1992	1	0	16	0.2	0	0	0	0	0	0	0	0	0	0	0	0	0	0	0	0.1	0.21	0.15	0.35	0.21	0.35
160	Samuel Di Carmine	it ITA	FW	Hellas Verona	32	1988	1	0	36	0.4	0	0	0	0	0	1	0	0	0	0	0	0	0	0	0	0	0.07	0	0.07	0.07	0.07
161	Federico Di Francesco	it ITA	FWMF	Empoli	27	1994	26	17	1367	15.2	5	0	5	0	0	2	0	0.33	0	0.33	0.33	0.33	2.4	2.4	1	3.4	0.16	0.06	0.22	0.16	0.22
162	Giovanni Di Lorenzo	it ITA	DF	Napoli	27	1993	33	33	2869	31.9	1	4	1	0	0	3	0	0.03	0.13	0.16	0.03	0.16	1.2	1.2	2.7	3.9	0.04	0.09	0.12	0.04	0.12
163	Francesco Di Mariano	it ITA	FW	Venezia	25	1996	1	1	62	0.7	0	0	0	0	0	0	0	0	0	0	0	0	0	0	0.1	0.1	0	0.08	0.08	0	0.08
164	Francesco Di Tacchio	it ITA	MF	Salernitana	31	1990	18	14	1255	13.9	0	0	0	0	0	3	0	0	0	0	0	0	0.4	0.4	0.1	0.5	0.03	0.01	0.04	0.03	0.04
165	Amadou Diawara	gn GUI	MF	Roma	24	1997	4	2	170	1.9	0	0	0	0	0	0	0	0	0	0	0	0	0	0	0	0.1	0.01	0.03	0.03	0.01	0.03
166	Brahim Díaz	es ESP	MF	Milan	21	1999	31	25	1855	20.6	3	3	3	0	0	4	0	0.15	0.15	0.29	0.15	0.29	4.7	4.7	2.5	7.2	0.23	0.12	0.35	0.23	0.35
167	Mitchell Dijks	nl NED	DF	Bologna	28	1993	16	7	694	7.7	0	2	0	0	0	2	0	0	0.26	0.26	0	0.26	0.6	0.6	0.4	1	0.08	0.05	0.13	0.08	0.13
168	Federico Dimarco	it ITA	DF	Inter	23	1997	32	13	1430	15.9	2	3	2	0	1	1	0	0.13	0.19	0.31	0.13	0.31	3.5	2.7	5.2	7.9	0.22	0.33	0.54	0.17	0.5
169	Filippo Distefano	it ITA	FW	Fiorentina	17	2003	1	0	2	0	0	0	0	0	0	0	0	0	0	0	0	0	0	0	0	0	0	0	0	0	0
170	Koffi Djidji	ci CIV	DF	Torino	28	1992	25	21	1735	19.3	0	0	0	0	0	6	1	0	0	0	0	0	0.5	0.5	0.1	0.6	0.03	0	0.03	0.03	0.03
171	Berat Djimsiti	al ALB	DF	Atalanta	28	1993	31	25	2256	25.1	1	1	1	0	0	6	0	0.04	0.04	0.08	0.04	0.08	1.8	1.8	1	2.9	0.07	0.04	0.11	0.07	0.11
172	Nicolás Domínguez	ar ARG	MF	Bologna	23	1998	28	23	2015	22.4	0	3	0	0	0	8	0	0	0.13	0.13	0	0.13	1.6	1.6	2.2	3.8	0.07	0.1	0.17	0.07	0.17
173	Bart?omiej Dr?gowski	pl POL	GK	Fiorentina	23	1997	7	7	556	6.2	0	0	0	0	0	0	1	0	0	0	0	0	0	0	0	0	0	0	0	0	0
174	Radu Dr?gu?in	ro ROU	DF	Sampdoria	19	2002	13	4	620	6.9	0	0	0	0	0	1	0	0	0	0	0	0	0.2	0.2	0.1	0.3	0.03	0.02	0.04	0.03	0.04
175	Radu Dr?gu?in	ro ROU	DF	Salernitana	19	2002	7	5	488	5.4	0	0	0	0	0	1	0	0	0	0	0	0	0	0	0	0	0	0	0	0	0
176	Denzel Dumfries	nl NED	DF	Inter	25	1996	33	21	2028	22.5	5	4	5	0	0	3	0	0.22	0.18	0.4	0.22	0.4	5.8	5.8	3.9	9.6	0.26	0.17	0.43	0.26	0.43
177	Alfred Duncan	gh GHA	MF	Fiorentina	28	1993	33	21	1931	21.5	2	2	2	0	0	3	0	0.09	0.09	0.19	0.09	0.19	1.3	1.3	1.8	3.1	0.06	0.08	0.14	0.06	0.14
178	Paulo Dybala	ar ARG	FWMF	Juventus	27	1993	29	26	2061	22.9	10	5	9	1	2	3	0	0.44	0.22	0.66	0.39	0.61	8.1	6.6	3.7	10.3	0.35	0.16	0.52	0.29	0.45
179	Edin Džeko	ba BIH	FW	Inter	35	1986	36	27	2469	27.4	13	6	13	0	0	2	0	0.47	0.22	0.69	0.47	0.69	13.2	13.2	4.5	17.7	0.48	0.17	0.65	0.48	0.65
180	Tyronne Ebuehi	ng NGA	DF	Venezia	25	1995	19	12	1138	12.6	0	0	0	0	0	1	1	0	0	0	0	0	0.5	0.5	0.5	1	0.04	0.04	0.08	0.04	0.08
181	Éderson	br BRA	MF	Salernitana	22	1999	15	13	1147	12.7	2	1	2	0	0	5	0	0.16	0.08	0.24	0.16	0.24	1.7	1.7	0.9	2.6	0.13	0.07	0.21	0.13	0.21
182	Albin Ekdal	se SWE	MF	Sampdoria	32	1989	26	19	1637	18.2	1	0	1	0	0	11	1	0.05	0	0.05	0.05	0.05	0.7	0.7	0.4	1.1	0.04	0.02	0.06	0.04	0.06
183	Caleb Ekuban	gh GHA	FWMF	Genoa	27	1994	30	18	1716	19.1	1	2	1	0	0	2	0	0.05	0.1	0.16	0.05	0.16	3.8	3.8	2.4	6.2	0.2	0.13	0.32	0.2	0.32
184	Elif Elmas	mk MKD	FWMF	Napoli	21	1999	37	12	1620	18	3	4	3	0	0	3	0	0.17	0.22	0.39	0.17	0.39	2.4	2.4	2	4.5	0.14	0.11	0.25	0.14	0.25
185	Martin Erlic	hr CRO	DF	Spezia	23	1998	30	30	2576	28.6	2	0	2	0	0	5	0	0.07	0	0.07	0.07	0.07	2.1	2.1	0.4	2.5	0.07	0.01	0.09	0.07	0.09
186	Gonzalo Escalante	ar ARG	MF	Lazio	28	1993	1	0	9	0.1	0	0	0	0	0	0	0	0	0	0	0	0	0	0	0	0	0	0	0	0	0
187	Diego Falcinelli	it ITA	FWMF	Bologna	30	1991	6	0	66	0.7	0	0	0	0	0	0	0	0	0	0	0	0	0.4	0.4	0	0.4	0.52	0	0.52	0.52	0.52
188	Wladimiro Falcone	it ITA	GK	Sampdoria	26	1995	10	9	855	9.5	0	0	0	0	0	2	0	0	0	0	0	0	0	0	0	0	0	0	0	0	0
189	Paolo Faragò	it ITA	MF	Cagliari	28	1993	1	0	16	0.2	0	0	0	0	0	0	0	0	0	0	0	0	0.5	0.5	0	0.5	3.04	0	3.04	3.04	3.04
190	Davide Faraoni	it ITA	DF	Hellas Verona	29	1991	32	30	2572	28.6	4	5	4	0	0	8	1	0.14	0.17	0.31	0.14	0.31	2.7	2.7	2.9	5.6	0.1	0.1	0.2	0.1	0.2
191	Mohamed Fares	dz ALG	DFFW	Genoa	25	1996	9	6	587	6.5	2	1	2	0	0	2	0	0.31	0.15	0.46	0.31	0.46	1.1	1.1	0.5	1.6	0.17	0.07	0.24	0.17	0.24
192	Diego Farias	br BRA	MFFW	Cagliari	31	1990	4	0	66	0.7	0	0	0	0	0	0	0	0	0	0	0	0	0	0	0	0	0.05	0	0.05	0.05	0.05
193	Andrea Favilli	it ITA	FW	Genoa	24	1997	1	0	36	0.4	0	0	0	0	0	0	0	0	0	0	0	0	0	0	0	0	0	0	0	0	0
194	Federico Fazio	ar ARG	DF	Salernitana	34	1987	16	16	1434	15.9	1	0	1	0	0	3	1	0.06	0	0.06	0.06	0.06	1.2	1.2	0.2	1.4	0.07	0.01	0.09	0.07	0.09
195	Luiz Felipe	it ITA	DF	Lazio	24	1997	31	28	2491	27.7	0	0	0	0	0	9	1	0	0	0	0	0	0.3	0.3	0.1	0.4	0.01	0	0.01	0.01	0.01
196	Alex Ferrari	it ITA	DF	Sampdoria	27	1994	23	20	1643	18.3	1	0	1	0	0	4	0	0.05	0	0.05	0.05	0.05	0.5	0.5	0	0.5	0.02	0	0.03	0.02	0.03
197	Salvador Ferrer	es ESP	DFMF	Spezia	23	1998	27	14	1495	16.6	0	3	0	0	0	3	0	0	0.18	0.18	0	0.18	0.2	0.2	1.8	2.1	0.01	0.11	0.12	0.01	0.12
198	Riccardo Fiamozzi	it ITA	DF	Empoli	28	1993	10	7	620	6.9	0	1	0	0	0	1	0	0	0.15	0.15	0	0.15	0	0	0.5	0.5	0	0.08	0.08	0	0.08
199	Luca Fiordilino	it ITA	MF	Venezia	25	1996	15	5	661	7.3	0	0	0	0	0	2	0	0	0	0	0	0	0.2	0.2	0.3	0.5	0.02	0.04	0.06	0.02	0.06
200	Vincenzo Fiorillo	it ITA	GK	Salernitana	31	1990	1	1	90	1	0	0	0	0	0	0	0	0	0	0	0	0	0	0	0	0	0	0	0	0	0
201	Alessandro Florenzi	it ITA	DFFW	Milan	30	1991	24	12	1152	12.8	2	0	2	0	0	2	0	0.16	0	0.16	0.16	0.16	0.7	0.7	1.2	2	0.06	0.1	0.15	0.06	0.15
202	Fernando Forestieri	it ITA	FWMF	Udinese	31	1990	4	0	58	0.6	2	1	2	0	0	1	0	3.1	1.55	4.66	3.1	4.66	1	1	0.1	1	1.5	0.13	1.63	1.5	1.63
203	Francesco Forte	it ITA	FW	Venezia	28	1993	12	4	422	4.7	1	0	1	0	0	3	0	0.21	0	0.21	0.21	0.21	1	1	0.1	1.1	0.21	0.02	0.23	0.21	0.23
204	Gianluca Frabotta	it ITA	DFFW	Hellas Verona	22	1999	2	0	20	0.2	0	0	0	0	0	0	0	0	0	0	0	0	0	0	0	0	0	0	0	0	0
205	Davide Frattesi	it ITA	MF	Sassuolo	21	1999	36	35	2854	31.7	4	3	4	0	0	6	0	0.13	0.09	0.22	0.13	0.22	6.6	6.6	3.5	10.1	0.21	0.11	0.32	0.21	0.32
206	Morten Frendrup	dk DEN	DFMF	Genoa	20	2001	10	6	695	7.7	0	0	0	0	0	1	0	0	0	0	0	0	0.5	0.5	0.7	1.2	0.07	0.09	0.16	0.07	0.16
207	Remo Freuler	ch SUI	MF	Atalanta	29	1992	29	28	2369	26.3	1	3	1	0	0	10	0	0.04	0.11	0.15	0.04	0.15	1.5	1.5	1.8	3.3	0.06	0.07	0.13	0.06	0.13
208	Matteo Gabbia	it ITA	DF	Milan	21	1999	8	6	537	6	0	0	0	0	0	3	0	0	0	0	0	0	0.1	0.1	0.1	0.2	0.02	0.01	0.03	0.02	0.03
209	Manolo Gabbiadini	it ITA	FWMF	Sampdoria	29	1991	18	15	1140	12.7	6	2	6	0	0	3	0	0.47	0.16	0.63	0.47	0.63	3.9	3.9	1.7	5.6	0.31	0.13	0.44	0.31	0.44
210	Gianluca Gaetano	it ITA	MF	Napoli	21	2000	2	0	20	0.2	0	0	0	0	0	0	0	0	0	0	0	0	0	0	0	0	0	0	0	0	0
211	Luca Gagliano	it ITA	MFDF	Cagliari	21	2000	2	0	13	0.1	0	0	0	0	0	0	0	0	0	0	0	0	0	0	0	0	0	0	0	0	0
212	Roberto Gagliardini	it ITA	MF	Inter	27	1994	18	6	649	7.2	2	2	2	0	0	2	0	0.28	0.28	0.55	0.28	0.55	1	1	1.9	2.9	0.13	0.26	0.4	0.13	0.4
213	Riccardo Gagliolo	se SWE	DF	Salernitana	31	1990	17	12	1138	12.6	0	1	0	0	0	2	0	0	0.08	0.08	0	0.08	0.8	0.8	0	0.8	0.06	0	0.06	0.06	0.06
214	Nicolas Galazzi	it ITA	DF	Venezia	20	2000	1	0	16	0.2	0	0	0	0	0	0	0	0	0	0	0	0	0	0	0	0	0	0	0	0	0
215	Pablo Galdames Millán	cl CHI	MF	Genoa	24	1996	19	11	1028	11.4	0	0	0	0	0	2	0	0	0	0	0	0	0.4	0.4	1.1	1.4	0.03	0.09	0.13	0.03	0.13
216	Luca Gemello	it ITA	GK	Torino	21	2000	1	1	90	1	0	0	0	0	0	0	0	0	0	0	0	0	0	0	0	0	0	0	0	0	0
217	Paolo Ghiglione	it ITA	DF	Genoa	24	1997	13	6	603	6.7	0	1	0	0	0	3	0	0	0.15	0.15	0	0.15	0.8	0.8	0.4	1.1	0.11	0.05	0.17	0.11	0.17
218	Faouzi Ghoulam	dz ALG	DF	Napoli	30	1991	14	3	332	3.7	0	0	0	0	0	1	0	0	0	0	0	0	0.1	0.1	0.4	0.5	0.04	0.1	0.14	0.04	0.14
219	Sebastian Giovinco	it ITA	MF	Sampdoria	34	1987	2	0	39	0.4	0	0	0	0	0	0	0	0	0	0	0	0	0	0	0	0	0.08	0	0.08	0.08	0.08
220	Olivier Giroud	fr FRA	FW	Milan	34	1986	29	22	1892	21	11	3	9	2	2	4	0	0.52	0.14	0.67	0.43	0.57	10.3	8.8	2	10.8	0.49	0.1	0.59	0.42	0.51
221	Diego Godín	uy URU	DF	Cagliari	35	1986	11	9	818	9.1	0	1	0	0	0	3	0	0	0.11	0.11	0	0.11	0.5	0.5	0.4	0.8	0.05	0.04	0.09	0.05	0.09
222	Edoardo Goldaniga	it ITA	DF	Cagliari	27	1993	11	11	934	10.4	0	0	0	0	0	3	0	0	0	0	0	0	0.6	0.6	0.1	0.8	0.06	0.01	0.07	0.06	0.07
223	Edoardo Goldaniga	it ITA	MFDF	Sassuolo	27	1993	1	0	1	0	0	0	0	0	0	0	0	0	0	0	0	0	0	0	0	0	0	0	0	0	0
224	Cedric Gondo	ci CIV	FW	Salernitana	24	1996	14	10	699	7.8	1	0	1	0	0	1	0	0.13	0	0.13	0.13	0.13	1.4	1.4	0.6	2.1	0.19	0.08	0.26	0.19	0.26
225	Nicolás González	ar ARG	FW	Fiorentina	23	1998	33	26	2357	26.2	7	6	4	3	3	4	1	0.27	0.23	0.5	0.15	0.38	9.3	7.1	3.8	10.9	0.36	0.15	0.5	0.27	0.42
226	Robin Gosens	de GER	DF	Atalanta	27	1994	6	5	460	5.1	1	0	1	0	0	2	0	0.2	0	0.2	0.2	0.2	1.5	1.5	0.4	1.9	0.29	0.08	0.37	0.29	0.37
227	Robin Gosens	de GER	DF	Inter	27	1994	7	0	169	1.9	0	1	0	0	0	1	0	0	0.53	0.53	0	0.53	0.3	0.3	0.4	0.7	0.18	0.22	0.39	0.18	0.39
228	Alberto Grassi	it ITA	MF	Cagliari	26	1995	30	26	2174	24.2	0	1	0	0	0	6	1	0	0.04	0.04	0	0.04	1.1	1.1	1.4	2.6	0.05	0.06	0.11	0.05	0.11
229	Koray Günter	de GER	DF	Hellas Verona	26	1994	30	29	2411	26.8	0	0	0	0	0	10	0	0	0	0	0	0	0.3	0.3	0.7	1	0.01	0.03	0.04	0.01	0.04
230	Albert Guðmundsson	is ISL	FWMF	Genoa	24	1997	12	6	607	6.7	1	0	1	0	0	3	0	0.15	0	0.15	0.15	0.15	0.9	0.9	0.5	1.4	0.13	0.08	0.21	0.13	0.21
231	Emmanuel Gyasi	gh GHA	FWDF	Spezia	27	1994	36	35	3035	33.7	6	0	6	0	0	10	0	0.18	0	0.18	0.18	0.18	5.9	5.9	1.4	7.3	0.18	0.04	0.22	0.18	0.22
232	Norbert Gyömbér	sk SVK	DF	Salernitana	29	1992	31	30	2563	28.5	0	0	0	0	0	9	0	0	0	0	0	0	0.4	0.4	0.3	0.7	0.01	0.01	0.02	0.01	0.02
233	Nicolas Haas	ch SUI	MF	Empoli	25	1996	16	11	1001	11.1	0	2	0	0	0	3	0	0	0.18	0.18	0	0.18	0.3	0.3	0.9	1.2	0.03	0.08	0.11	0.03	0.11
234	Samir Handanovi?	si SVN	GK	Inter	37	1984	37	37	3330	37	0	0	0	0	0	1	0	0	0	0	0	0	0	0	0	0	0	0	0	0	0
235	Ridgeciano Haps	sr SUR	DF	Venezia	28	1993	25	24	2056	22.8	1	1	1	0	0	6	0	0.04	0.04	0.09	0.04	0.09	0.4	0.4	0.4	0.8	0.02	0.02	0.03	0.02	0.03
236	Abdou Harroui	nl NED	MF	Sassuolo	23	1998	22	3	452	5	0	0	0	0	0	2	0	0	0	0	0	0	0.5	0.5	0.2	0.6	0.09	0.03	0.12	0.09	0.12
237	Hans Hateboer	nl NED	DF	Atalanta	27	1994	21	16	1386	15.4	0	0	0	0	0	2	0	0	0	0	0	0	1.9	1.9	0.8	2.7	0.12	0.05	0.18	0.12	0.18
238	Silvan Hefti	ch SUI	DF	Genoa	23	1997	16	14	1288	14.3	0	0	0	0	0	1	0	0	0	0	0	0	0.2	0.2	0.9	1.1	0.01	0.06	0.07	0.01	0.07
239	Liam Henderson	sct SCO	MF	Empoli	25	1996	38	23	2020	22.4	2	3	2	0	0	4	0	0.09	0.13	0.22	0.09	0.22	2.5	2.5	3.4	5.9	0.11	0.15	0.26	0.11	0.26
240	Dalbert Henrique	br BRA	DFMF	Cagliari	27	1993	28	27	2081	23.1	0	2	0	0	0	9	0	0	0.09	0.09	0	0.09	1.5	1.5	1.9	3.4	0.06	0.08	0.15	0.06	0.15
241	Matheus Henrique	br BRA	MF	Sassuolo	23	1997	25	10	1078	12	0	1	0	0	0	3	0	0	0.08	0.08	0	0.08	0.3	0.3	1.1	1.4	0.03	0.09	0.12	0.03	0.12
242	Thomas Henry	fr FRA	FW	Venezia	26	1994	33	23	2115	23.5	9	2	9	0	0	6	1	0.38	0.09	0.47	0.38	0.47	7.2	7.2	3.5	10.7	0.31	0.15	0.46	0.31	0.46
243	Theo Hernández	fr FRA	DF	Milan	23	1997	32	30	2711	30.1	5	5	4	1	2	7	2	0.17	0.17	0.33	0.13	0.3	3.9	2.9	6.4	9.3	0.13	0.21	0.34	0.1	0.31
244	Hernani	br BRA	MFFW	Genoa	27	1994	18	7	682	7.6	0	0	0	0	0	0	0	0	0	0	0	0	0.6	0.6	0.3	1	0.08	0.05	0.13	0.08	0.13
245	Daan Heymans	be BEL	MFFW	Venezia	22	1999	7	2	256	2.8	0	1	0	0	0	4	0	0	0.35	0.35	0	0.35	0.1	0.1	0.3	0.5	0.04	0.12	0.16	0.04	0.16
246	Aaron Hickey	sct SCO	DF	Bologna	19	2002	36	34	2820	31.3	5	1	5	0	0	7	0	0.16	0.03	0.19	0.16	0.19	1.1	1.1	1.4	2.5	0.04	0.04	0.08	0.04	0.08
247	Martin Hongla	cm CMR	MF	Hellas Verona	23	1998	18	7	651	7.2	1	0	1	0	0	3	0	0.14	0	0.14	0.14	0.14	1.5	1.5	0	1.5	0.21	0	0.21	0.21	0.21
248	Sydney van Hooijdonk	nl NED	FWMF	Bologna	21	2000	4	0	38	0.4	0	0	0	0	0	0	0	0	0	0	0	0	0	0	0	0	0	0.11	0.11	0	0.11
249	Petko Hristov	bg BUL	DF	Spezia	22	1999	17	13	1248	13.9	1	1	1	0	0	3	0	0.07	0.07	0.14	0.07	0.14	0.2	0.2	0.1	0.3	0.02	0.01	0.02	0.02	0.02
250	Elseid Hysaj	al ALB	DF	Lazio	27	1994	29	24	2027	22.5	1	0	1	0	0	3	0	0.04	0	0.04	0.04	0.04	0.5	0.5	0.6	1.1	0.02	0.03	0.05	0.02	0.05
251	Roger Ibanez	br BRA	DF	Roma	22	1998	34	32	2889	32.1	3	0	3	0	0	9	0	0.09	0	0.09	0.09	0.09	2	2	0.4	2.4	0.06	0.01	0.07	0.06	0.07
252	Zlatan Ibrahimovi?	se SWE	FW	Milan	39	1981	23	11	1016	11.3	8	2	8	0	1	2	0	0.71	0.18	0.89	0.71	0.89	6.8	6.1	2	8.1	0.61	0.18	0.78	0.54	0.72
253	Igor	br BRA	DF	Fiorentina	23	1998	30	23	2242	24.9	0	0	0	0	0	3	0	0	0	0	0	0	0.4	0.4	0.8	1.2	0.02	0.03	0.05	0.02	0.05
254	Jonathan Ikone	fr FRA	FW	Fiorentina	23	1998	17	7	649	7.2	1	1	1	0	0	1	0	0.14	0.14	0.28	0.14	0.28	1.6	1.6	0.7	2.3	0.23	0.1	0.32	0.23	0.32
255	Ivan Ili?	rs SRB	MF	Hellas Verona	20	2001	32	30	2526	28.1	1	3	1	0	0	5	1	0.04	0.11	0.14	0.04	0.14	2.3	2.3	1.4	3.7	0.08	0.05	0.13	0.08	0.13
256	Josip Ili?i?	si SVN	FWMF	Atalanta	33	1988	20	8	841	9.3	3	3	3	0	1	1	0	0.32	0.32	0.64	0.32	0.64	3.4	2.6	3.5	6.2	0.36	0.38	0.74	0.28	0.66
257	Ciro Immobile	it ITA	FW	Lazio	31	1990	31	31	2711	30.1	27	2	20	7	9	4	0	0.9	0.07	0.96	0.66	0.73	22.2	15.4	3	18.4	0.74	0.1	0.84	0.51	0.61
258	Lorenzo Insigne	it ITA	FW	Napoli	30	1991	32	28	2290	25.4	11	8	2	9	13	2	0	0.43	0.31	0.75	0.08	0.39	15.1	5.2	5.7	10.8	0.59	0.22	0.82	0.2	0.43
259	Ardian Ismajli	al ALB	DF	Empoli	24	1996	20	13	1272	14.1	0	0	0	0	0	7	0	0	0	0	0	0	0.3	0.3	0.1	0.4	0.02	0	0.03	0.02	0.03
260	Armando Izzo	it ITA	DF	Torino	29	1992	11	6	526	5.8	0	0	0	0	0	4	0	0	0	0	0	0	0.4	0.4	0	0.4	0.07	0	0.07	0.07	0.07
261	Mato Jajalo	ba BIH	MF	Udinese	33	1988	22	6	629	7	0	1	0	0	0	2	0	0	0.14	0.14	0	0.14	0.5	0.5	0.7	1.2	0.07	0.1	0.17	0.07	0.17
262	Pawe? Jaroszy?ski	pl POL	DF	Salernitana	26	1994	13	4	516	5.7	0	0	0	0	0	2	0	0	0	0	0	0	0.1	0.1	0.4	0.6	0.02	0.07	0.1	0.02	0.1
263	Juan Jesus	br BRA	DF	Napoli	30	1991	21	14	1278	14.2	1	0	1	0	0	1	0	0.07	0	0.07	0.07	0.07	0.6	0.6	0.2	0.7	0.04	0.01	0.05	0.04	0.05
264	Dennis Johnsen	no NOR	FWMF	Venezia	23	1998	26	17	1445	16.1	1	2	1	0	0	2	0	0.06	0.12	0.19	0.06	0.19	1.7	1.7	2.7	4.4	0.1	0.17	0.27	0.1	0.27
265	Kaio Jorge	br BRA	MFFW	Juventus	19	2002	9	0	121	1.3	0	0	0	0	0	0	0	0	0	0	0	0	0.9	0.9	0.3	1.2	0.68	0.25	0.93	0.68	0.93
266	Flavio Junior Bianchi	it ITA	FWMF	Genoa	21	2000	7	4	314	3.5	1	0	1	0	0	0	0	0.29	0	0.29	0.29	0.29	0.9	0.9	0.1	1	0.26	0.03	0.29	0.26	0.29
267	Hamed Junior Traorè	ci CIV	FWMF	Sassuolo	21	2000	31	21	1775	19.7	7	2	7	0	0	3	0	0.35	0.1	0.46	0.35	0.46	4.7	4.7	3.2	8	0.24	0.16	0.4	0.24	0.4
268	Nikola Kalini?	hr CRO	FW	Hellas Verona	33	1988	14	4	406	4.5	4	1	4	0	0	5	1	0.89	0.22	1.11	0.89	1.11	2.8	2.8	0.9	3.7	0.62	0.2	0.82	0.62	0.82
269	Yayah Kallon	sl SLE	FWMF	Genoa	20	2001	15	5	636	7.1	0	1	0	0	0	3	0	0	0.14	0.14	0	0.14	1.1	1.1	1	2.2	0.16	0.15	0.31	0.16	0.31
270	Pierre Kalulu	fr FRA	DF	Milan	21	2000	28	21	1944	21.6	1	2	1	0	0	4	0	0.05	0.09	0.14	0.05	0.14	0.4	0.4	0.5	0.8	0.02	0.02	0.04	0.02	0.04
271	Dimitrije Kamenovi?	rs SRB	DF	Lazio	21	2000	1	0	45	0.5	0	0	0	0	0	0	0	0	0	0	0	0	0.4	0.4	0	0.4	0.77	0	0.77	0.77	0.77
272	Rick Karsdorp	nl NED	DF	Roma	26	1995	36	32	2883	32	0	2	0	0	0	9	1	0	0.06	0.06	0	0.06	0	0	4.9	5	0	0.15	0.16	0	0.16
273	Denso Kasius	nl NED	DF	Bologna	18	2002	7	1	180	2	0	0	0	0	0	0	0	0	0	0	0	0	0.1	0.1	0.4	0.5	0.05	0.2	0.25	0.05	0.25
274	Grigoris Kastanos	cy CYP	MFFW	Salernitana	23	1998	27	16	1348	15	1	1	1	0	0	4	1	0.07	0.07	0.13	0.07	0.13	1.5	1.5	1.6	3.1	0.1	0.1	0.21	0.1	0.21
275	Moise Kean	it ITA	FW	Juventus	21	2000	32	12	1098	12.2	5	2	5	0	0	5	0	0.41	0.16	0.57	0.41	0.57	4.1	4.1	0.1	4.2	0.34	0.01	0.35	0.34	0.35
276	Wajdi Kechrida	tn TUN	DFMF	Salernitana	25	1995	17	10	952	10.6	0	1	0	0	0	0	0	0	0.09	0.09	0	0.09	0.3	0.3	1	1.2	0.02	0.09	0.12	0.02	0.12
277	Dimitrios Keramitsis	gr GRE	DF	Roma	17	2004	1	0	1	0	0	0	0	0	0	0	0	0	0	0	0	0	0	0	0	0	0	0	0	0	0
278	Franck Kessié	ci CIV	MF	Milan	24	1996	31	25	2308	25.6	6	0	4	2	3	2	0	0.23	0	0.23	0.16	0.16	4.4	2.1	1.5	3.6	0.17	0.06	0.23	0.08	0.14
279	Jakub Kiwior	pl POL	MF	Spezia	21	2000	22	21	1964	21.8	0	0	0	0	0	6	0	0	0	0	0	0	0.4	0.4	0.2	0.6	0.02	0.01	0.03	0.02	0.03
280	Sofian Kiyine	ma MAR	MFFW	Venezia	23	1997	26	14	1239	13.8	1	0	1	0	1	8	1	0.07	0	0.07	0.07	0.07	1.6	0.7	2.3	3	0.12	0.17	0.29	0.05	0.22
281	Simon Kjær	dk DEN	DF	Milan	32	1989	11	10	802	8.9	0	0	0	0	0	2	0	0	0	0	0	0	0.6	0.6	0.3	1	0.07	0.04	0.11	0.07	0.11
282	Aleksandr Kokorin	ru RUS	FWMF	Fiorentina	30	1991	6	0	55	0.6	0	0	0	0	0	1	0	0	0	0	0	0	0	0	0	0	0	0	0	0	0
283	Aleksandar Kolarov	rs SRB	DF	Inter	35	1985	3	0	42	0.5	0	0	0	0	0	0	0	0	0	0	0	0	0	0	0	0	0.05	0	0.05	0.05	0.05
284	Teun Koopmeiners	nl NED	MF	Atalanta	23	1998	30	23	2126	23.6	4	1	4	0	0	4	0	0.17	0.04	0.21	0.17	0.21	2.2	2.2	4.9	7.1	0.09	0.21	0.3	0.09	0.3
285	Kalidou Koulibaly	sn SEN	DF	Napoli	30	1991	27	27	2405	26.7	3	1	3	0	0	5	1	0.11	0.04	0.15	0.11	0.15	1.7	1.7	0.5	2.2	0.07	0.02	0.08	0.07	0.08
286	Christos Kourfalidis	gr GRE	MFDF	Cagliari	18	2002	2	0	18	0.2	0	0	0	0	0	0	0	0	0	0	0	0	0.2	0.2	0	0.2	1.06	0	1.06	1.06	1.06
287	Viktor Kovalenko	ua UKR	MF	Spezia	25	1996	26	16	1325	14.7	1	3	1	0	0	4	0	0.07	0.2	0.27	0.07	0.27	0.3	0.3	1.3	1.6	0.02	0.09	0.11	0.02	0.11
288	Julian Kristoffersen	no NOR	FW	Salernitana	24	1997	1	0	7	0.1	0	0	0	0	0	0	0	0	0	0	0	0	0	0	0	0	0.61	0	0.61	0.61	0.61
289	Rade Kruni?	ba BIH	MFFW	Milan	27	1993	28	15	1416	15.7	0	1	0	0	0	2	0	0	0.06	0.06	0	0.06	0.9	0.9	0.9	1.8	0.06	0.05	0.11	0.06	0.11
290	Dejan Kulusevski	se SWE	FWMF	Juventus	21	2000	20	5	772	8.6	1	3	1	0	0	1	0	0.12	0.35	0.47	0.12	0.47	1.9	1.9	1.2	3.1	0.22	0.14	0.37	0.22	0.37
291	Marash Kumbulla	al ALB	DF	Roma	21	2000	17	13	1025	11.4	0	0	0	0	0	6	0	0	0	0	0	0	0.8	0.8	0	0.8	0.07	0	0.07	0.07	0.07
292	Giorgos Kyriakopoulos	gr GRE	DFFW	Sassuolo	25	1996	29	22	1975	21.9	0	5	0	0	0	6	1	0	0.23	0.23	0	0.23	0.9	0.9	3.2	4.2	0.04	0.15	0.19	0.04	0.19
293	Andrea La Mantia	it ITA	FW	Empoli	30	1991	18	3	488	5.4	2	0	2	0	0	0	0	0.37	0	0.37	0.37	0.37	1.9	1.9	0.3	2.2	0.35	0.06	0.41	0.35	0.41
294	Sam Lammers	nl NED	FW	Atalanta	24	1997	2	0	38	0.4	0	0	0	0	0	0	0	0	0	0	0	0	0	0	0	0	0	0	0	0	0
295	Kevin Lasagna	it ITA	FWMF	Hellas Verona	28	1992	28	11	1184	13.2	2	4	2	0	0	1	0	0.15	0.3	0.46	0.15	0.46	3.5	3.5	2.2	5.7	0.27	0.17	0.44	0.27	0.44
296	Darko Lazovi?	rs SRB	DF	Hellas Verona	30	1990	34	32	2766	30.7	1	7	1	0	0	2	0	0.03	0.23	0.26	0.03	0.26	3.6	3.6	5.7	9.3	0.12	0.19	0.3	0.12	0.3
297	Manuel Lazzari	it ITA	DF	Lazio	27	1993	31	16	1665	18.5	3	3	3	0	0	3	0	0.16	0.16	0.32	0.16	0.32	0.9	0.9	2	2.9	0.05	0.11	0.16	0.05	0.16
298	Patrick Leal	us USA	MF	Venezia	18	2003	1	0	2	0	0	0	0	0	0	0	0	0	0	0	0	0	0	0	0	0	0	0	0	0	0
299	Rafael Leão	pt POR	FW	Milan	22	1999	34	31	2605	28.9	11	10	11	0	0	4	0	0.38	0.35	0.73	0.38	0.73	9.1	9.1	6.3	15.4	0.32	0.22	0.53	0.32	0.53
300	Lucas Leiva	br BRA	MF	Lazio	34	1987	35	19	1697	18.9	0	0	0	0	0	9	0	0	0	0	0	0	0.1	0.1	0.3	0.4	0	0.02	0.02	0	0.02
301	Luca Lezzerini	it ITA	GK	Venezia	26	1995	6	6	495	5.5	0	0	0	0	0	2	0	0	0	0	0	0	0	0	0	0	0	0	0	0	0
302	Ben Lhassine Kone	ci CIV	MF	Torino	21	2000	1	0	81	0.9	0	0	0	0	0	0	0	0	0	0	0	0	0	0	0.1	0.1	0	0.09	0.09	0	0.09
303	Matthijs de Ligt	nl NED	DF	Juventus	21	1999	31	29	2674	29.7	3	1	3	0	0	4	1	0.1	0.03	0.13	0.1	0.13	1.6	1.6	0.5	2.1	0.05	0.02	0.07	0.05	0.07
304	Anderson Lima	br BRA	MF	Lazio	21	1999	4	0	65	0.7	0	0	0	0	0	1	0	0	0	0	0	0	0.1	0.1	0	0.1	0.07	0	0.07	0.07	0.07
305	Karol Linetty	pl POL	MFFW	Torino	26	1995	16	11	896	10	0	0	0	0	0	2	0	0	0	0	0	0	0.9	0.9	1.4	2.3	0.09	0.14	0.23	0.09	0.23
306	Stanislav Lobotka	sk SVK	MF	Napoli	26	1994	23	19	1686	18.7	1	0	1	0	0	2	0	0.05	0	0.05	0.05	0.05	0.1	0.1	0.6	0.7	0	0.03	0.04	0	0.04
307	Manuel Locatelli	it ITA	MF	Juventus	23	1998	31	23	2160	24	3	3	3	0	0	6	0	0.12	0.12	0.25	0.12	0.25	2.1	2.1	1.8	3.9	0.09	0.08	0.16	0.09	0.16
308	Maxime Lopez	fr FRA	MF	Sassuolo	23	1997	35	33	2938	32.6	2	1	2	0	0	14	0	0.06	0.03	0.09	0.06	0.09	1.3	1.3	2.9	4.2	0.04	0.09	0.13	0.04	0.13
309	Matteo Lovato	it ITA	DFMF	Atalanta	21	2000	6	3	305	3.4	0	0	0	0	0	1	0	0	0	0	0	0	0	0	0.1	0.2	0.01	0.03	0.05	0.01	0.05
310	Matteo Lovato	it ITA	DF	Cagliari	21	2000	16	14	1238	13.8	0	0	0	0	0	4	0	0	0	0	0	0	0.4	0.4	0.1	0.5	0.03	0.01	0.04	0.03	0.04
311	Hirving Lozano	mx MEX	FW	Napoli	26	1995	30	20	1613	17.9	5	5	5	0	0	3	0	0.28	0.28	0.56	0.28	0.56	6.1	5.9	2.7	8.6	0.34	0.15	0.49	0.33	0.48
312	José Luis Palomino	ar ARG	DF	Atalanta	31	1990	34	30	2672	29.7	1	0	1	0	0	9	0	0.03	0	0.03	0.03	0.03	1.8	1.8	0.4	2.2	0.06	0.01	0.07	0.06	0.07
313	Saša Luki?	rs SRB	MF	Torino	24	1996	35	34	2982	33.1	5	4	2	3	3	10	0	0.15	0.12	0.27	0.06	0.18	4.4	2.1	4.5	6.6	0.13	0.14	0.27	0.06	0.2
314	Sebastiano Luperto	it ITA	DF	Empoli	24	1996	24	22	1958	21.8	0	1	0	0	0	8	1	0	0.05	0.05	0	0.05	0.9	0.9	0.5	1.4	0.04	0.02	0.06	0.04	0.06
315	Charalambos Lykogiannis	gr GRE	DF	Cagliari	27	1993	28	21	1817	20.2	1	0	1	0	0	2	0	0.05	0	0.05	0.05	0.05	1	1	1	2	0.05	0.05	0.1	0.05	0.1
316	Niki Mäenpää	fi FIN	GK	Venezia	36	1985	17	16	1485	16.5	0	1	0	0	0	1	0	0	0.06	0.06	0	0.06	0	0	0.3	0.3	0	0.02	0.02	0	0.02
317	Giulio Maggiore	it ITA	MF	Spezia	23	1998	35	33	2819	31.3	2	3	2	0	0	9	0	0.06	0.1	0.16	0.06	0.16	3.3	3.3	2.8	6	0.11	0.09	0.19	0.1	0.19
318	Francesco Magnanelli	it ITA	MF	Sassuolo	36	1984	12	2	271	3	0	0	0	0	0	1	0	0	0	0	0	0	0.1	0.1	0	0.1	0.02	0	0.02	0.02	0.02
319	Giangiacomo Magnani	it ITA	DF	Hellas Verona	25	1995	14	5	530	5.9	0	0	0	0	0	3	1	0	0	0	0	0	0.6	0.6	0	0.6	0.1	0	0.1	0.1	0.1
320	Giangiacomo Magnani	it ITA	DF	Sampdoria	25	1995	4	3	239	2.7	0	0	0	0	0	0	0	0	0	0	0	0	0	0	0	0	0	0	0	0	0
321	Mike Maignan	fr FRA	GK	Milan	26	1995	32	32	2880	32	0	1	0	0	0	1	0	0	0.03	0.03	0	0.03	0	0	0.4	0.4	0	0.01	0.01	0	0.01
322	Ainsley Maitland-Niles	eng ENG	DF	Roma	23	1997	8	7	487	5.4	0	0	0	0	0	0	0	0	0	0	0	0	0.4	0.4	0.4	0.9	0.08	0.08	0.16	0.08	0.16
323	Jean-Victor Makengo	fr FRA	MF	Udinese	23	1998	33	26	2351	26.1	1	3	1	0	0	7	1	0.04	0.11	0.15	0.04	0.15	2.3	2.3	2	4.3	0.09	0.08	0.17	0.09	0.17
324	Nikola Maksimovi?	rs SRB	DF	Genoa	29	1991	14	13	1115	12.4	0	0	0	0	0	2	0	0	0	0	0	0	0.2	0.2	0.1	0.2	0.01	0.01	0.02	0.01	0.02
325	Kévin Malcuit	ma MAR	DF	Napoli	30	1991	8	2	288	3.2	0	1	0	0	0	3	0	0	0.31	0.31	0	0.31	0.1	0.1	0.4	0.5	0.02	0.13	0.15	0.02	0.15
326	Daniel Maldini	it ITA	MF	Milan	19	2001	8	2	148	1.6	1	0	1	0	0	1	0	0.61	0	0.61	0.61	0.61	0.2	0.2	0.1	0.3	0.14	0.04	0.18	0.14	0.18
327	Youssef Maleh	it ITA	MF	Fiorentina	22	1998	28	11	1019	11.3	2	2	2	0	0	5	0	0.18	0.18	0.35	0.18	0.35	2.3	2.3	1	3.4	0.21	0.09	0.3	0.21	0.3
328	Ruslan Malinovskyi	ua UKR	FWMF	Atalanta	28	1993	30	19	1592	17.7	6	5	6	0	0	10	0	0.34	0.28	0.62	0.34	0.62	3.7	3.7	6.2	9.9	0.21	0.35	0.56	0.21	0.56
329	Rey Manaj	al ALB	FW	Spezia	24	1997	30	19	1768	19.6	5	0	3	2	3	9	0	0.25	0	0.25	0.15	0.15	7.1	4.8	1.4	6.3	0.36	0.07	0.44	0.25	0.32
330	Gianluca Mancini	it ITA	DF	Roma	25	1996	33	33	2878	32	0	0	0	0	0	16	1	0	0	0	0	0	2.3	2.2	0.5	2.7	0.07	0.01	0.09	0.07	0.08
331	Leonardo Mancuso	it ITA	FW	Empoli	29	1992	8	5	425	4.7	1	0	1	0	0	0	0	0.21	0	0.21	0.21	0.21	2.2	2.2	0.4	2.7	0.47	0.09	0.56	0.47	0.56
332	Rolando Mandragora	it ITA	MF	Torino	24	1997	21	16	1319	14.7	0	2	0	0	0	7	1	0	0.14	0.14	0	0.14	1.2	1.2	2.7	3.9	0.08	0.19	0.27	0.08	0.27
333	Kostas Manolas	gr GRE	DF	Napoli	30	1991	4	3	313	3.5	0	0	0	0	0	1	0	0	0	0	0	0	0	0	0	0	0	0	0	0	0
334	Riccardo Marchizza	it ITA	DF	Empoli	23	1998	19	16	1346	15	0	1	0	0	0	4	0	0	0.07	0.07	0	0.07	0.3	0.3	1.6	1.9	0.02	0.1	0.12	0.02	0.12
335	Gian Marco Ferrari	it ITA	DF	Sassuolo	29	1992	36	35	3124	34.7	1	0	1	0	0	6	1	0.03	0	0.03	0.03	0.03	1.9	1.9	0.4	2.3	0.05	0.01	0.07	0.05	0.07
336	Davide Marfella	it ITA	GK	Napoli	21	1999	1	0	11	0.1	0	0	0	0	0	0	0	0	0	0	0	0	0	0	0	0	0	0	0	0	0
337	Pablo Marí	es ESP	DF	Udinese	27	1993	15	15	1341	14.9	2	0	2	0	0	2	1	0.13	0	0.13	0.13	0.13	0.6	0.6	0.8	1.4	0.04	0.05	0.09	0.04	0.09
338	R?zvan Marin	ro ROU	MF	Cagliari	25	1996	36	31	2816	31.3	0	5	0	0	0	6	1	0	0.16	0.16	0	0.16	1.7	1.7	6.1	7.9	0.06	0.2	0.25	0.06	0.25
339	Lucas Martínez Quarta	ar ARG	DF	Fiorentina	25	1996	20	16	1431	15.9	1	0	1	0	0	8	0	0.06	0	0.06	0.06	0.06	1.2	1.2	0.4	1.6	0.07	0.02	0.1	0.07	0.1
340	Lautaro Martínez	ar ARG	FW	Inter	23	1997	35	28	2282	25.4	21	3	18	3	6	6	0	0.83	0.12	0.95	0.71	0.83	19.6	15.5	3.5	19	0.77	0.14	0.91	0.61	0.75
341	Adam Maruši?	me MNE	DF	Lazio	28	1992	33	30	2721	30.2	1	0	1	0	0	6	1	0.03	0	0.03	0.03	0.03	0.2	0.2	0.5	0.7	0.01	0.02	0.02	0.01	0.02
342	Andrea Masiello	it ITA	DF	Genoa	35	1986	7	6	515	5.7	0	0	0	0	0	3	0	0	0	0	0	0	0	0	0	0.1	0.01	0	0.01	0.01	0.01
343	Aleš Mat?j?	cz CZE	DF	Venezia	25	1996	9	9	727	8.1	0	1	0	0	0	3	0	0	0.12	0.12	0	0.12	0.2	0.2	1	1.1	0.02	0.12	0.14	0.02	0.14
344	Borja Mayoral	es ESP	FWDF	Roma	24	1997	5	1	96	1.1	0	0	0	0	0	0	0	0	0	0	0	0	0.1	0.1	0	0.1	0.1	0	0.1	0.1	0.1
345	Pasquale Mazzocchi	it ITA	DF	Venezia	26	1995	18	15	1243	13.8	0	0	0	0	0	3	0	0	0	0	0	0	0.6	0.6	0.8	1.4	0.04	0.06	0.1	0.04	0.1
346	Pasquale Mazzocchi	it ITA	DF	Salernitana	26	1995	15	15	1269	14.1	0	2	0	0	0	2	0	0	0.14	0.14	0	0.14	0.2	0.2	1.6	1.8	0.01	0.12	0.13	0.01	0.13
347	Ibrahima Mbaye	sn SEN	DF	Bologna	26	1994	6	1	108	1.2	0	0	0	0	0	0	0	0	0	0	0	0	0	0	0	0	0	0	0	0	0
348	Weston McKennie	us USA	MF	Juventus	22	1998	21	15	1369	15.2	3	0	3	0	0	1	0	0.2	0	0.2	0.2	0.2	2.3	2.3	1.2	3.4	0.15	0.08	0.23	0.15	0.23
349	Gary Medel	cl CHI	DF	Bologna	33	1987	33	32	2823	31.4	0	1	0	0	0	10	1	0	0.03	0.03	0	0.03	0.3	0.3	0	0.3	0.01	0	0.01	0.01	0.01
350	Filippo Melegoni	it ITA	FWMF	Genoa	22	1999	25	10	980	10.9	1	0	1	0	0	1	0	0.09	0	0.09	0.09	0.09	0.6	0.6	1.5	2.1	0.06	0.14	0.2	0.06	0.2
351	Arthur Melo	br BRA	MF	Juventus	24	1996	20	11	962	10.7	0	0	0	0	0	3	0	0	0	0	0	0	0.1	0.1	0.4	0.4	0.01	0.03	0.04	0.01	0.04
352	Alex Meret	it ITA	GK	Napoli	24	1997	7	7	619	6.9	0	0	0	0	0	0	0	0	0	0	0	0	0	0	0	0	0	0	0	0	0
353	Y?ld?r?m Mert Çetin	tr TUR	DF	Hellas Verona	24	1997	2	0	46	0.5	0	0	0	0	0	0	0	0	0	0	0	0	0	0	0	0	0	0	0	0	0
354	Dries Mertens	be BEL	FWMF	Napoli	34	1987	30	16	1384	15.4	11	1	10	1	1	2	0	0.72	0.07	0.78	0.65	0.72	4.6	3.8	2.4	6.2	0.3	0.15	0.45	0.25	0.4
355	Junior Messias	br BRA	FWMF	Milan	30	1991	26	14	1428	15.9	5	2	5	0	0	2	0	0.32	0.13	0.44	0.32	0.44	3.6	3.6	2	5.6	0.22	0.13	0.35	0.22	0.35
356	Kingsley Michael	ng NGA	MF	Bologna	21	1999	2	1	76	0.8	0	0	0	0	0	0	0	0	0	0	0	0	0	0	0	0	0.01	0	0.01	0.01	0.01
357	Valentin Mihaila	ro ROU	FWMF	Atalanta	21	2000	5	0	76	0.8	0	0	0	0	0	0	0	0	0	0	0	0	0	0	0	0	0.03	0	0.03	0.03	0.03
358	Mikael	br BRA	FWMF	Salernitana	22	1999	7	0	87	1	0	0	0	0	0	0	0	0	0	0	0	0	0.2	0.2	0	0.2	0.18	0	0.18	0.18	0.18
359	Hilmir Mikaelsson	is ISL	FW	Venezia	17	2004	1	0	18	0.2	0	0	0	0	0	0	0	0	0	0	0	0	0	0	0	0	0	0	0	0	0
360	Nikola Milenkovi?	rs SRB	DF	Fiorentina	23	1997	34	34	2926	32.5	1	0	1	0	0	10	1	0.03	0	0.03	0.03	0.03	2.1	2.1	0	2.1	0.06	0	0.07	0.06	0.07
361	Sergej Milinkovi?-Savi?	rs SRB	MF	Lazio	26	1995	37	36	3100	34.4	11	10	11	0	0	6	1	0.32	0.29	0.61	0.32	0.61	7.3	7.3	6	13.3	0.21	0.17	0.38	0.21	0.38
362	Vanja Milinkovi?-Savi?	rs SRB	GK	Torino	24	1997	27	27	2430	27	0	0	0	0	0	3	0	0	0	0	0	0	0.1	0.1	0	0.1	0	0	0	0	0
363	Aleksei Miranchuk	ru RUS	MFFW	Atalanta	25	1995	19	7	772	8.6	2	5	2	0	0	0	0	0.23	0.58	0.82	0.23	0.82	1.6	1.6	3	4.6	0.19	0.35	0.54	0.19	0.54
364	Fabio Miretti	it ITA	MF	Juventus	17	2003	6	4	321	3.6	0	0	0	0	0	0	0	0	0	0	0	0	0.1	0.1	0.4	0.5	0.03	0.11	0.14	0.03	0.14
365	Henrikh Mkhitaryan	am ARM	MFFW	Roma	32	1989	31	29	2495	27.7	5	6	5	0	0	4	1	0.18	0.22	0.4	0.18	0.4	3.8	3.8	4.6	8.4	0.14	0.17	0.3	0.14	0.3
366	Marco Modolo	it ITA	DF	Venezia	32	1989	6	4	392	4.4	0	0	0	0	0	2	0	0	0	0	0	0	0.1	0.1	0	0.1	0.02	0	0.02	0.02	0.02
367	Nahuel Molina	ar ARG	DF	Udinese	23	1997	35	31	2638	29.3	7	2	7	0	0	7	1	0.24	0.07	0.31	0.24	0.31	4.1	4.1	3.7	7.8	0.14	0.12	0.26	0.14	0.26
368	Cristian Molinaro	it ITA	DF	Venezia	38	1983	8	6	548	6.1	0	1	0	0	0	0	0	0	0.16	0.16	0	0.16	0	0	0.4	0.4	0	0.06	0.06	0	0.06
369	Lorenzo Montipò	it ITA	GK	Hellas Verona	25	1996	34	34	3060	34	0	0	0	0	0	1	0	0	0	0	0	0	0	0	0	0	0	0	0	0	0
370	Álvaro Morata	es ESP	FW	Juventus	28	1992	35	26	2302	25.6	9	4	8	1	1	5	0	0.35	0.16	0.51	0.31	0.47	8	7.2	6.1	13.3	0.31	0.24	0.55	0.28	0.52
371	Raúl Moro	es ESP	FW	Lazio	18	2002	11	1	201	2.2	0	1	0	0	0	0	0	0	0.45	0.45	0	0.45	0.3	0.3	0.2	0.5	0.14	0.11	0.24	0.14	0.24
372	Andrei Motoc	ro ROU	DF	Salernitana	19	2002	1	1	90	1	0	0	0	0	0	0	0	0	0	0	0	0	0	0	0	0	0.01	0	0.01	0.01	0.01
373	Lys Mousset	fr FRA	FWMF	Salernitana	25	1996	6	2	160	1.8	0	1	0	0	0	2	0	0	0.56	0.56	0	0.56	0.1	0.1	0.2	0.3	0.06	0.11	0.17	0.06	0.17
374	Samuel Mráz	sk SVK	FW	Spezia	24	1997	2	0	54	0.6	0	0	0	0	0	0	0	0	0	0	0	0	0	0	0	0	0.02	0	0.02	0.02	0.02
375	Mert Müldür	tr TUR	DF	Sassuolo	22	1999	31	24	2046	22.7	0	0	0	0	0	5	0	0	0	0	0	0	0.6	0.6	1.2	1.9	0.03	0.05	0.08	0.03	0.08
376	Luis Muriel	co COL	FW	Atalanta	30	1991	27	17	1539	17.1	9	8	7	2	2	1	0	0.53	0.47	0.99	0.41	0.88	7.3	5.8	5.5	11.3	0.43	0.32	0.75	0.34	0.66
377	Vedat Muriqi	xk KVX	FW	Lazio	27	1994	11	1	215	2.4	0	0	0	0	0	1	0	0	0	0	0	0	0.4	0.4	0	0.4	0.17	0	0.17	0.17	0.17
378	Nicola Murru	it ITA	DF	Sampdoria	26	1994	22	13	983	10.9	1	0	1	0	0	5	0	0.09	0	0.09	0.09	0.09	0.1	0.1	0.4	0.5	0.01	0.04	0.04	0.01	0.04
379	Juan Musso	ar ARG	GK	Atalanta	27	1994	33	33	2932	32.6	0	0	0	0	0	1	1	0	0	0	0	0	0	0	0	0	0	0	0	0	0
380	Joakim Mæhle	dk DEN	DF	Atalanta	24	1997	26	15	1471	16.3	1	1	1	0	0	2	0	0.06	0.06	0.12	0.06	0.12	1.9	1.9	1.1	3	0.12	0.07	0.19	0.12	0.19
381	Nahitan Nández	uy URU	MFDF	Cagliari	25	1995	21	16	1523	16.9	0	2	0	0	0	4	0	0	0.12	0.12	0	0.12	0.9	0.9	1.7	2.6	0.05	0.1	0.15	0.05	0.15
382	Nani	pt POR	FWMF	Venezia	34	1986	10	3	287	3.2	0	1	0	0	0	1	0	0	0.31	0.31	0	0.31	0.1	0.1	0.4	0.5	0.02	0.13	0.15	0.02	0.15
383	Matija Nastasi?	rs SRB	DF	Fiorentina	28	1993	5	2	219	2.4	0	0	0	0	0	1	0	0	0	0	0	0	0.1	0.1	0	0.1	0.02	0.01	0.03	0.02	0.03
384	Ilija Nestorovski	mk MKD	FW	Udinese	31	1990	7	1	188	2.1	1	0	1	0	0	1	0	0.48	0	0.48	0.48	0.48	0.7	0.7	0.8	1.5	0.33	0.37	0.7	0.33	0.7
385	Aurélien Nguiamba	fr FRA	MF	Spezia	22	1999	3	0	51	0.6	0	0	0	0	0	1	0	0	0	0	0	0	0	0	0	0	0	0	0	0	0
386	Dimitris Nikolaou	gr GRE	DF	Spezia	22	1998	36	36	3240	36	0	0	0	0	0	7	0	0	0	0	0	0	0.1	0.1	0.3	0.4	0	0.01	0.01	0	0.01
387	Jean-Pierre Nsame	cm CMR	FW	Venezia	28	1993	11	1	245	2.7	0	1	0	0	0	0	0	0	0.37	0.37	0	0.37	0.6	0.6	0.6	1.2	0.22	0.24	0.46	0.22	0.46
388	Bram Nuytinck	nl NED	DF	Udinese	31	1990	27	23	2033	22.6	1	0	1	0	0	2	0	0.04	0	0.04	0.04	0.04	1.2	1.2	0.2	1.4	0.05	0.01	0.06	0.05	0.06
389	Simeon Nwankwo	ng NGA	FW	Salernitana	29	1992	19	10	842	9.4	1	1	1	0	0	0	0	0.11	0.11	0.21	0.11	0.21	3.4	3.4	0.4	3.8	0.36	0.05	0.41	0.36	0.41
390	M'Bala Nzola	ao ANG	FW	Spezia	24	1996	21	10	1068	11.9	2	1	2	0	0	2	0	0.17	0.08	0.25	0.17	0.25	3	3	1.4	4.4	0.25	0.11	0.37	0.25	0.37
391	Adam Obert	sk SVK	DF	Cagliari	18	2002	6	3	274	3	0	0	0	0	0	0	0	0	0	0	0	0	0	0	0	0	0	0	0	0	0
392	Joel Obi	ng NGA	MFDF	Salernitana	30	1991	21	12	1143	12.7	0	1	0	0	0	4	0	0	0.08	0.08	0	0.08	1.7	1.7	1.7	3.3	0.13	0.13	0.26	0.13	0.26
393	Brain Oddei	it ITA	FW	Sassuolo	18	2002	2	0	8	0.1	0	0	0	0	0	0	0	0	0	0	0	0	0.1	0.1	0	0.1	1.29	0	1.29	1.29	1.29
394	Álvaro Odriozola	es ESP	DF	Fiorentina	25	1995	25	18	1733	19.3	1	2	1	0	0	4	1	0.05	0.1	0.16	0.05	0.16	1	1	3.8	4.7	0.05	0.2	0.25	0.05	0.25
395	Stefano Okaka	it ITA	FW	Udinese	31	1989	2	0	22	0.2	0	1	0	0	0	1	0	0	4.09	4.09	0	4.09	0	0	0	0	0.09	0	0.09	0.09	0.09
396	David Okereke	ng NGA	FWMF	Venezia	23	1997	32	24	2053	22.8	7	0	7	0	0	5	1	0.31	0	0.31	0.31	0.31	4.8	4.8	1.1	5.8	0.21	0.05	0.26	0.21	0.26
397	Christian Oliva	uy URU	MF	Cagliari	25	1996	4	0	48	0.5	0	0	0	0	0	0	0	0	0	0	0	0	0	0	0	0	0	0	0	0	0
398	Sérgio Oliveira	pt POR	MF	Roma	29	1992	14	13	892	9.9	2	0	1	1	1	5	0	0.2	0	0.2	0.1	0.1	1.4	0.7	1.5	2.3	0.15	0.16	0.3	0.07	0.23
399	Riccardo Orsolini	it ITA	FW	Bologna	24	1997	29	21	1785	19.8	6	3	4	2	2	2	0	0.3	0.15	0.45	0.2	0.35	6.2	4.7	1.9	6.6	0.31	0.1	0.41	0.24	0.33
400	Victor Osimhen	ng NGA	FW	Napoli	22	1998	27	23	1983	22	14	2	14	0	0	5	1	0.64	0.09	0.73	0.64	0.73	11.5	11.5	1.8	13.3	0.52	0.08	0.6	0.52	0.6
401	David Ospina	co COL	GK	Napoli	32	1988	31	31	2790	31	0	0	0	0	0	1	0	0	0	0	0	0	0	0	0	0	0	0	0	0	0
402	Adam Ounas	dz ALG	MFFW	Napoli	24	1996	15	1	326	3.6	0	0	0	0	0	1	0	0	0	0	0	0	0.9	0.9	1	1.9	0.25	0.27	0.52	0.25	0.52
403	Daniele Padelli	it ITA	GK	Udinese	35	1985	3	3	270	3	0	0	0	0	0	0	0	0	0	0	0	0	0	0	0	0	0	0	0	0	0
404	Simone Pafundi	it ITA	FW	Udinese	15	2006	1	0	23	0.3	0	0	0	0	0	0	0	0	0	0	0	0	0.1	0.1	0.1	0.2	0.32	0.3	0.62	0.32	0.62
405	Martin Palumbo	no NOR	MF	Juventus	19	2002	1	0	13	0.1	0	0	0	0	0	0	0	0	0	0	0	0	0	0	0	0	0	0	0	0	0
406	Goran Pandev	mk MKD	FWMF	Genoa	38	1983	20	7	843	9.4	0	1	0	0	0	1	0	0	0.11	0.11	0	0.11	0.6	0.6	1.3	1.9	0.07	0.14	0.21	0.07	0.21
407	Ivor Pandur	hr CRO	GK	Hellas Verona	21	2000	3	3	270	3	0	0	0	0	0	0	0	0	0	0	0	0	0	0	0	0	0	0	0	0	0
408	Fabiano Parisi	it ITA	DF	Empoli	20	2000	25	16	1477	16.4	0	1	0	0	0	5	0	0	0.06	0.06	0	0.06	0.8	0.8	0.6	1.3	0.05	0.03	0.08	0.05	0.08
409	Mario Pašali?	hr CRO	MFFW	Atalanta	26	1995	37	24	2002	22.2	13	6	13	0	0	3	0	0.58	0.27	0.85	0.58	0.85	9.7	9.7	6.4	16.1	0.44	0.29	0.72	0.44	0.72
410	Patric	es ESP	DF	Lazio	28	1993	24	19	1649	18.3	1	1	1	0	0	7	1	0.05	0.05	0.11	0.05	0.11	0.6	0.6	0.7	1.2	0.03	0.04	0.07	0.03	0.07
411	Rui Patrício	pt POR	GK	Roma	33	1988	38	38	3420	38	0	0	0	0	0	2	0	0	0	0	0	0	0	0	0.4	0.4	0	0.01	0.01	0	0.01
412	Leonardo Pavoletti	it ITA	FW	Cagliari	32	1988	33	14	1518	16.9	5	1	5	0	0	9	0	0.3	0.06	0.36	0.3	0.36	6.3	6.3	1	7.3	0.37	0.06	0.43	0.37	0.43
413	Pedro	es ESP	FW	Lazio	34	1987	32	25	2033	22.6	9	4	9	0	0	5	0	0.4	0.18	0.58	0.4	0.58	5.2	5.2	3.3	8.5	0.23	0.15	0.38	0.23	0.38
414	João Pedro	it ITA	FW	Cagliari	29	1992	37	37	3323	36.9	13	4	10	3	4	9	0	0.35	0.11	0.46	0.27	0.38	12.9	9.9	3.1	13	0.35	0.08	0.43	0.27	0.35
415	Gianluca Pegolo	it ITA	GK	Sassuolo	40	1981	1	1	90	1	0	0	0	0	0	0	0	0	0	0	0	0	0	0	0	0	0	0	0	0	0
416	Pietro Pellegri	it ITA	FW	Torino	20	2001	9	1	216	2.4	1	0	1	0	0	1	0	0.42	0	0.42	0.42	0.42	0.4	0.4	0.1	0.5	0.18	0.04	0.22	0.18	0.22
417	Pietro Pellegri	it ITA	FW	Milan	20	2001	6	1	131	1.5	0	0	0	0	0	0	0	0	0	0	0	0	0.2	0.2	0.4	0.6	0.14	0.26	0.41	0.14	0.41
418	Lorenzo Pellegrini	it ITA	MFFW	Roma	25	1996	28	27	2289	25.4	9	3	7	2	3	8	1	0.35	0.12	0.47	0.28	0.39	9.1	6.8	6.2	13	0.36	0.24	0.6	0.27	0.51
419	Luca Pellegrini	it ITA	DF	Juventus	22	1999	18	15	1107	12.3	0	1	0	0	0	6	0	0	0.08	0.08	0	0.08	0.2	0.2	1.6	1.7	0.01	0.13	0.14	0.01	0.14
420	Federico Peluso	it ITA	DF	Sassuolo	37	1984	2	0	11	0.1	0	0	0	0	0	0	0	0	0	0	0	0	0	0	0	0	0	0	0	0	0
421	Gastón Pereiro	uy URU	FWMF	Cagliari	26	1995	29	9	975	10.8	4	2	4	0	0	1	0	0.37	0.18	0.55	0.37	0.55	1.4	1.4	1.6	3	0.13	0.15	0.28	0.13	0.28
422	Dor Peretz	il ISR	MF	Venezia	26	1995	18	4	585	6.5	0	1	0	0	0	2	0	0	0.15	0.15	0	0.15	0.7	0.7	0.3	1	0.11	0.04	0.16	0.11	0.16
423	Roberto Pereyra	ar ARG	MFFW	Udinese	30	1991	24	22	1794	19.9	3	5	2	1	2	10	1	0.15	0.25	0.4	0.1	0.35	4.5	3	3.2	6.2	0.23	0.16	0.39	0.15	0.31
424	Carles Pérez	es ESP	MFFW	Roma	23	1998	19	3	554	6.2	1	1	1	0	0	2	0	0.16	0.16	0.32	0.16	0.32	1.4	1.4	0.6	2	0.23	0.1	0.32	0.23	0.32
425	Nehuén Pérez	ar ARG	DF	Udinese	21	2000	20	19	1692	18.8	0	1	0	0	0	6	0	0	0.05	0.05	0	0.05	1.2	1.2	0.5	1.7	0.06	0.03	0.09	0.06	0.09
426	Mattia Perin	it ITA	GK	Juventus	28	1992	5	5	405	4.5	0	0	0	0	0	0	0	0	0	0	0	0	0	0	0	0	0	0	0	0	0
427	Ivan Periši?	hr CRO	DF	Inter	32	1989	35	35	2821	31.3	8	6	7	1	1	4	0	0.26	0.19	0.45	0.22	0.41	5.1	4.4	8	12.4	0.16	0.25	0.42	0.14	0.39
428	Diego Perotti	ar ARG	FWMF	Salernitana	33	1988	11	1	287	3.2	0	0	0	0	1	1	0	0	0	0	0	0	1.4	0.6	0.3	0.9	0.43	0.09	0.52	0.19	0.28
429	Mario Perrone	it ITA	DF	Salernitana	18	2003	1	0	15	0.2	0	0	0	0	0	0	0	0	0	0	0	0	0	0	0	0	0	0	0	0	0
430	Matteo Pessina	it ITA	MFFW	Atalanta	24	1997	27	18	1438	16	1	1	1	0	0	0	0	0.06	0.06	0.13	0.06	0.13	2.7	2.7	1.3	4	0.17	0.08	0.25	0.17	0.25
431	Andrea Petagna	it ITA	FW	Napoli	26	1995	24	4	586	6.5	3	1	3	0	0	1	0	0.46	0.15	0.61	0.46	0.61	1.6	1.6	1.4	3	0.25	0.21	0.46	0.25	0.46
432	Giuseppe Pezzella	it ITA	DF	Atalanta	23	1997	21	10	1072	11.9	0	2	0	0	0	3	0	0	0.17	0.17	0	0.17	0.4	0.4	1.1	1.6	0.04	0.09	0.13	0.04	0.13
433	Krzysztof Pi?tek	pl POL	FW	Fiorentina	26	1995	14	9	733	8.1	3	0	3	0	1	0	0	0.37	0	0.37	0.37	0.37	3.3	2.5	0.8	3.4	0.4	0.1	0.51	0.31	0.41
434	Roberto Piccoli	it ITA	FW	Genoa	20	2001	5	2	218	2.4	0	0	0	0	0	0	0	0	0	0	0	0	0.3	0.3	0.1	0.4	0.13	0.05	0.17	0.13	0.17
435	Roberto Piccoli	it ITA	FW	Atalanta	20	2001	12	1	196	2.2	1	0	1	0	0	0	0	0.46	0	0.46	0.46	0.46	1.1	1.1	0.2	1.4	0.53	0.09	0.62	0.53	0.62
436	Andrea Pinamonti	it ITA	FW	Empoli	22	1999	36	32	2869	31.9	13	2	9	4	4	4	0	0.41	0.06	0.47	0.28	0.35	11.9	8.9	2.3	11.2	0.37	0.07	0.45	0.28	0.35
437	Carlo Pinsoglio	it ITA	GK	Juventus	31	1990	1	0	45	0.5	0	0	0	0	0	0	0	0	0	0	0	0	0	0	0	0	0	0	0	0	0
438	Riccardo Pinzi	it ITA	MF	Udinese	17	2003	1	0	1	0	0	0	0	0	0	0	0	0	0	0	0	0	0	0	0	0	0	0	0	0	0
439	Marko Pjaca	hr CRO	MFFW	Torino	26	1995	24	13	1149	12.8	3	0	3	0	0	0	0	0.23	0	0.23	0.23	0.23	1.9	1.9	1.1	3	0.15	0.09	0.24	0.15	0.24
440	Tommaso Pobega	it ITA	MF	Torino	22	1999	33	24	2240	24.9	4	2	4	0	0	11	0	0.16	0.08	0.24	0.16	0.24	3.8	3.8	0.8	4.5	0.15	0.03	0.18	0.15	0.18
441	Suf Podgoreanu	il ISR	FW	Spezia	19	2002	5	1	113	1.3	0	1	0	0	0	0	0	0	0.8	0.8	0	0.8	0	0	0	0.1	0.03	0.03	0.06	0.03	0.06
442	Matteo Politano	it ITA	FW	Napoli	27	1993	33	20	1650	18.3	3	4	3	0	0	3	0	0.16	0.22	0.38	0.16	0.38	2.7	2.7	4	6.7	0.15	0.22	0.37	0.15	0.37
443	Manolo Portanova	it ITA	FWMF	Genoa	21	2000	24	17	1322	14.7	1	0	1	0	0	4	0	0.07	0	0.07	0.07	0.07	2.9	2.9	0.8	3.6	0.2	0.05	0.25	0.2	0.25
444	Dennis Praet	be BEL	FWMF	Torino	27	1994	23	17	1539	17.1	2	2	2	0	0	3	0	0.12	0.12	0.23	0.12	0.23	2.5	2.5	4.1	6.6	0.15	0.24	0.39	0.15	0.39
445	Mateusz Praszelik	pl POL	FWMF	Hellas Verona	20	2000	2	0	25	0.3	0	0	0	0	0	0	0	0	0	0	0	0	0	0	0	0	0.11	0	0.11	0.11	0.11
446	Ivan Provedel	it ITA	GK	Spezia	27	1994	31	31	2761	30.7	0	0	0	0	0	2	0	0	0	0	0	0	0	0	0	0	0	0	0	0	0
447	Erick Pulgar	cl CHI	MF	Fiorentina	27	1994	6	4	341	3.8	0	1	0	0	0	2	0	0	0.26	0.26	0	0.26	0.1	0.1	0.7	0.8	0.02	0.2	0.22	0.02	0.22
448	Ignacio Pussetto	ar ARG	FWMF	Udinese	25	1995	28	11	1204	13.4	4	4	3	1	1	4	0	0.3	0.3	0.6	0.22	0.52	4.9	4.2	2.6	6.8	0.37	0.19	0.56	0.31	0.51
449	Niklas Pyyhtiä	fi FIN	MF	Bologna	17	2003	1	0	19	0.2	0	0	0	0	0	0	0	0	0	0	0	0	0	0	0	0	0	0	0	0	0
450	Fabio Quagliarella	it ITA	FW	Sampdoria	38	1983	33	19	1664	18.5	4	2	3	1	1	2	0	0.22	0.11	0.32	0.16	0.27	4.2	3.5	2.1	5.6	0.23	0.11	0.34	0.19	0.3
451	Adrien Rabiot	fr FRA	MF	Juventus	26	1995	32	28	2285	25.4	0	2	0	0	0	5	0	0	0.08	0.08	0	0.08	1.7	1.7	1.8	3.5	0.07	0.07	0.14	0.07	0.14
452	Ivan Radovanovi?	rs SRB	DFMF	Salernitana	32	1988	14	12	1053	11.7	1	1	1	0	0	4	0	0.09	0.09	0.17	0.09	0.17	0.8	0.8	0.8	1.6	0.07	0.07	0.14	0.07	0.14
453	Ionu? Radu	ro ROU	GK	Inter	24	1997	1	1	90	1	0	0	0	0	0	0	0	0	0	0	0	0	0	0	0	0	0	0	0	0	0
454	?tefan Radu	ro ROU	DF	Lazio	34	1986	10	6	556	6.2	0	0	0	0	0	2	0	0	0	0	0	0	0.1	0.1	0.1	0.1	0.01	0.01	0.02	0.01	0.02
455	Boris Radunovi?	rs SRB	GK	Cagliari	25	1996	3	3	270	3	0	0	0	0	0	0	1	0	0	0	0	0	0	0	0	0	0	0	0	0	0
456	Antonio Raimondo	it ITA	FW	Bologna	17	2004	1	1	74	0.8	0	0	0	0	0	0	0	0	0	0	0	0	0.1	0.1	0	0.1	0.13	0	0.13	0.13	0.13
457	Aaron Ramsey	wls WAL	MF	Juventus	30	1990	3	1	99	1.1	0	0	0	0	0	0	0	0	0	0	0	0	0	0	0.1	0.1	0	0.1	0.1	0	0.1
458	Luca Ranieri	it ITA	DF	Salernitana	22	1999	27	25	2103	23.4	1	0	1	0	0	9	0	0.04	0	0.04	0.04	0.04	0.6	0.6	0.7	1.4	0.03	0.03	0.06	0.03	0.06
459	Andrea Ranocchia	it ITA	DF	Inter	33	1988	6	3	341	3.8	0	0	0	0	0	1	0	0	0	0	0	0	0.2	0.2	0	0.2	0.05	0	0.05	0.05	0.05
460	Giacomo Raspadori	it ITA	MFFW	Sassuolo	21	2000	36	32	2740	30.4	10	4	10	0	0	9	1	0.33	0.13	0.46	0.33	0.46	7.3	7.3	3.8	11.2	0.24	0.13	0.37	0.24	0.37
461	Nicola Ravaglia	it ITA	GK	Sampdoria	32	1988	1	0	5	0.1	0	0	0	0	0	0	0	0	0	0	0	0	0	0	0	0	0	0	0	0	0
462	Ante Rebi?	hr CRO	FW	Milan	27	1993	24	6	891	9.9	2	2	2	0	0	2	0	0.2	0.2	0.4	0.2	0.4	2.5	2.5	4.6	7.1	0.25	0.47	0.72	0.25	0.72
463	Arkadiusz Reca	pl POL	DF	Spezia	26	1995	25	22	1772	19.7	0	2	0	0	0	3	0	0	0.1	0.1	0	0.1	0.6	0.6	1.8	2.5	0.03	0.09	0.12	0.03	0.12
464	Pepe Reina	es ESP	GK	Lazio	38	1982	15	15	1350	15	0	1	0	0	0	3	0	0	0.07	0.07	0	0.07	0	0	0.3	0.3	0	0.02	0.02	0	0.02
465	Panagiotis Retsos	gr GRE	DFMF	Hellas Verona	22	1998	5	1	55	0.6	0	0	0	0	0	0	0	0	0	0	0	0	0	0	0.1	0.1	0	0.09	0.09	0	0.09
466	Bryan Reynolds	us USA	DF	Roma	20	2001	1	0	2	0	0	0	0	0	0	0	0	0	0	0	0	0	0	0	0	0	0	0	0	0	0
467	Franck Ribéry	fr FRA	MFFW	Salernitana	38	1983	23	16	1421	15.8	0	2	0	0	0	3	1	0	0.13	0.13	0	0.13	1.1	1.1	2.9	4	0.07	0.19	0.25	0.07	0.25
468	Samuele Ricci	it ITA	MF	Torino	19	2001	12	9	722	8	0	0	0	0	0	1	0	0	0	0	0	0	0.4	0.4	0.5	0.9	0.05	0.06	0.11	0.05	0.11
469	Samuele Ricci	it ITA	MF	Empoli	19	2001	21	17	1530	17	1	1	1	0	0	1	1	0.06	0.06	0.12	0.06	0.12	0.2	0.2	0.3	0.5	0.01	0.02	0.03	0.01	0.03
470	Tomás Rincón	ve VEN	MFFW	Torino	33	1988	7	1	163	1.8	0	0	0	0	0	2	0	0	0	0	0	0	0	0	0	0	0	0.03	0.03	0	0.03
471	Tomás Rincón	ve VEN	MF	Sampdoria	33	1988	17	13	1166	13	0	0	0	0	0	3	0	0	0	0	0	0	0.1	0.1	0.1	0.3	0.01	0.01	0.02	0.01	0.02
472	Ricardo Rodríguez	ch SUI	DF	Torino	28	1992	34	28	2473	27.5	0	1	0	0	0	3	0	0	0.04	0.04	0	0.04	0.3	0.3	1.6	1.8	0.01	0.06	0.07	0.01	0.07
473	Marko Rog	hr CRO	MF	Cagliari	26	1995	8	2	311	3.5	0	1	0	0	0	0	0	0	0.29	0.29	0	0.29	0.2	0.2	0.2	0.5	0.07	0.07	0.13	0.07	0.13
474	Rogério	br BRA	DF	Sassuolo	23	1998	23	19	1729	19.2	0	1	0	0	0	5	0	0	0.05	0.05	0	0.05	0.4	0.4	2.2	2.5	0.02	0.11	0.13	0.02	0.13
475	Alessio Romagnoli	it ITA	DF	Milan	26	1995	19	16	1409	15.7	1	0	1	0	0	4	1	0.06	0	0.06	0.06	0.06	0.7	0.7	0.1	0.8	0.04	0.01	0.05	0.04	0.05
476	Simone Romagnoli	it ITA	DF	Empoli	31	1990	19	17	1497	16.6	2	0	2	0	0	3	0	0.12	0	0.12	0.12	0.12	1.4	1.4	0.3	1.6	0.08	0.02	0.1	0.08	0.1
477	Luka Romero	ar ARG	FW	Lazio	16	2004	8	0	84	0.9	0	0	0	0	0	0	0	0	0	0	0	0	0	0	0	0	0.02	0.03	0.04	0.02	0.04
478	Sergio Romero	ar ARG	GK	Venezia	34	1987	16	16	1440	16	0	0	0	0	0	2	0	0	0	0	0	0	0	0	0.2	0.2	0	0.01	0.01	0	0.01
479	Cristiano Ronaldo	pt POR	FW	Juventus	36	1985	1	0	31	0.3	0	0	0	0	0	1	0	0	0	0	0	0	0.2	0.2	0	0.2	0.5	0.12	0.63	0.5	0.63
480	Marten de Roon	nl NED	MFDF	Atalanta	30	1991	30	28	2548	28.3	3	0	3	0	0	7	1	0.11	0	0.11	0.11	0.11	1.6	1.6	0.6	2.3	0.06	0.02	0.08	0.06	0.08
481	Francesco Rossi	it ITA	GK	Atalanta	30	1991	1	0	37	0.4	0	0	0	0	0	0	0	0	0	0	0	0	0	0	0	0	0	0	0	0	0
482	Nicolò Rovella	it ITA	MF	Genoa	19	2001	21	16	1468	16.3	0	3	0	0	0	5	0	0	0.18	0.18	0	0.18	0.9	0.9	2.4	3.3	0.05	0.15	0.2	0.05	0.2
483	Amir Rrahmani	xk KVX	DF	Napoli	27	1994	33	33	2927	32.5	4	0	4	0	0	5	0	0.12	0	0.12	0.12	0.12	3.7	3.7	0.2	3.9	0.11	0.01	0.12	0.11	0.12
484	Ruan	br BRA	DF	Sassuolo	22	1999	10	0	214	2.4	0	0	0	0	0	1	0	0	0	0	0	0	0	0	0.1	0.1	0	0.04	0.04	0	0.04
485	Daniele Rugani	it ITA	DF	Juventus	27	1994	12	9	879	9.8	0	0	0	0	0	2	0	0	0	0	0	0	0.2	0.2	0	0.2	0.02	0	0.02	0.02	0.02
486	Matteo Ruggeri	it ITA	DF	Salernitana	19	2002	14	8	676	7.5	0	0	0	0	0	1	0	0	0	0	0	0	0.2	0.2	0.3	0.5	0.03	0.04	0.07	0.03	0.07
487	Mário Rui	pt POR	DF	Napoli	30	1991	34	34	2992	33.2	0	5	0	0	0	7	0	0	0.15	0.15	0	0.15	1.7	1.7	3.3	5	0.05	0.1	0.15	0.05	0.15
488	Fabián Ruiz Peña	es ESP	MF	Napoli	25	1996	32	29	2384	26.5	7	4	7	0	0	2	0	0.26	0.15	0.42	0.26	0.42	1.6	1.6	2.8	4.4	0.06	0.11	0.17	0.06	0.17
489	Alessandro Russo	it ITA	MF	Salernitana	17	2003	1	0	29	0.3	0	0	0	0	0	0	0	0	0	0	0	0	0	0	0	0	0	0	0	0	0
490	Stefano Sabelli	it ITA	DF	Genoa	28	1993	7	5	348	3.9	0	0	0	0	0	3	0	0	0	0	0	0	0.2	0.2	0.1	0.3	0.06	0.01	0.07	0.06	0.07
491	Abdelhamid Sabiri	de GER	MFFW	Sampdoria	24	1996	14	9	893	9.9	3	2	3	0	0	3	0	0.3	0.2	0.5	0.3	0.5	1.1	1.1	1.2	2.2	0.11	0.12	0.23	0.11	0.23
492	Alexis Saelemaekers	be BEL	FW	Milan	22	1999	36	22	1865	20.7	1	3	1	0	0	2	0	0.05	0.14	0.19	0.05	0.19	3.3	3.3	3.6	6.9	0.16	0.17	0.33	0.16	0.33
493	Jacopo Sala	it ITA	MF	Spezia	29	1991	18	13	880	9.8	1	0	1	0	0	3	0	0.1	0	0.1	0.1	0.1	0.1	0.1	0.3	0.4	0.01	0.03	0.04	0.01	0.04
494	Eddie Salcedo	it ITA	MFFW	Spezia	19	2001	12	5	429	4.8	0	0	0	0	0	1	0	0	0	0	0	0	1.6	1.6	0.2	1.8	0.33	0.04	0.38	0.33	0.38
495	Lazar Samardzic	de GER	MF	Udinese	19	2002	22	1	490	5.4	2	2	2	0	0	0	0	0.37	0.37	0.73	0.37	0.73	1.1	1.1	1.8	2.9	0.19	0.33	0.53	0.19	0.53
496	Luigi Samele	it ITA	FW	Sassuolo	19	2002	2	0	5	0.1	0	1	0	0	0	0	0	0	18	18	0	18	0	0	0.4	0.4	0	6.52	6.52	0	6.52
497	Antonio Sanabria	py PAR	FW	Torino	25	1996	29	22	1803	20	6	1	6	0	0	3	0	0.3	0.05	0.35	0.3	0.35	8.1	8.1	1.5	9.6	0.4	0.07	0.48	0.4	0.48
498	Alexis Sánchez	cl CHI	FW	Inter	32	1988	27	7	881	9.8	5	2	5	0	0	0	0	0.51	0.2	0.72	0.51	0.72	5.3	5.3	1.7	7	0.54	0.18	0.72	0.54	0.72
499	Alex Sandro	br BRA	DF	Juventus	30	1991	28	17	1780	19.8	0	1	0	0	0	3	0	0	0.05	0.05	0	0.05	0.7	0.7	1.4	2.1	0.03	0.07	0.11	0.03	0.11
500	Nicola Sansone	it ITA	FWMF	Bologna	29	1991	27	6	896	10	2	3	2	0	0	6	0	0.2	0.3	0.5	0.2	0.5	3	3	2.1	5.1	0.3	0.21	0.51	0.3	0.51
501	Federico Santander	py PAR	FWDF	Bologna	30	1991	7	0	67	0.7	1	0	1	0	0	1	0	1.34	0	1.34	1.34	1.34	0.4	0.4	0.1	0.5	0.54	0.14	0.68	0.54	0.68
502	Samir Santos	br BRA	DF	Udinese	26	1994	17	17	1421	15.8	0	0	0	0	0	5	0	0	0	0	0	0	1.3	1.3	0.1	1.4	0.08	0.01	0.09	0.08	0.09
503	Riccardo Saponara	it ITA	FW	Fiorentina	29	1991	29	13	1284	14.3	3	3	3	0	0	1	0	0.21	0.21	0.42	0.21	0.42	2	2	3.2	5.2	0.14	0.22	0.36	0.14	0.36
504	Giacomo Satalino	it ITA	GK	Sassuolo	22	1999	1	0	8	0.1	0	0	0	0	0	0	0	0	0	0	0	0	0	0	0	0	0	0	0	0	0
505	Martin Satriano	it ITA	FWMF	Inter	20	2001	4	0	38	0.4	0	0	0	0	0	0	0	0	0	0	0	0	0	0	0	0	0	0.1	0.1	0	0.1
506	Giorgio Scalvini	it ITA	DFMF	Atalanta	17	2003	18	9	763	8.5	1	0	1	0	0	1	0	0.12	0	0.12	0.12	0.12	1.7	1.7	0.2	1.9	0.2	0.02	0.23	0.2	0.23
507	Gianluca Scamacca	it ITA	FW	Sassuolo	22	1999	36	25	2146	23.8	16	0	15	1	1	7	0	0.67	0	0.67	0.63	0.63	10.8	10	2.5	12.5	0.45	0.1	0.56	0.42	0.52
508	Andrea Schiavone	it ITA	MF	Salernitana	28	1993	14	5	571	6.3	1	0	1	0	0	1	0	0.16	0	0.16	0.16	0.16	0.3	0.3	0.6	0.8	0.04	0.09	0.13	0.04	0.13
509	David Schnegg	at AUT	DF	Venezia	22	1998	4	2	142	1.6	0	0	0	0	0	1	0	0	0	0	0	0	0	0	0	0	0	0.02	0.02	0	0.02
510	Jerdy Schouten	nl NED	MF	Bologna	24	1997	17	16	1392	15.5	1	1	1	0	0	4	1	0.06	0.06	0.13	0.06	0.13	0.2	0.2	0.6	0.8	0.01	0.04	0.05	0.01	0.05
511	Demba Seck	sn SEN	FWMF	Torino	20	2001	6	1	146	1.6	0	0	0	0	0	0	0	0	0	0	0	0	0.6	0.6	0	0.6	0.36	0	0.36	0.36	0.36
512	Adrian Šemper	hr CRO	GK	Genoa	23	1998	1	1	90	1	0	0	0	0	0	0	0	0	0	0	0	0	0	0	0	0	0	0	0	0	0
513	Stefano Sensi	it ITA	MF	Sampdoria	25	1995	11	10	754	8.4	1	0	1	0	0	1	0	0.12	0	0.12	0.12	0.12	1	1	0.8	1.8	0.12	0.09	0.21	0.12	0.21
514	Stefano Sensi	it ITA	MF	Inter	25	1995	9	1	167	1.9	0	0	0	0	0	0	0	0	0	0	0	0	0.3	0.3	0.3	0.6	0.18	0.15	0.33	0.18	0.33
515	Luigi Sepe	it ITA	GK	Salernitana	30	1991	16	16	1392	15.5	0	0	0	0	0	2	0	0	0	0	0	0	0	0	0	0	0	0	0	0	0
516	Laurens Serpe	it ITA	DF	Genoa	20	2001	1	0	45	0.5	0	0	0	0	0	0	0	0	0	0	0	0	0	0	0	0	0	0	0	0	0
517	Stephan El Shaarawy	it ITA	DFFW	Roma	28	1992	27	8	1055	11.7	3	0	3	0	0	1	0	0.26	0	0.26	0.26	0.26	3	3	2.4	5.4	0.25	0.2	0.46	0.25	0.46
518	Aimar Sher	se SWE	MF	Spezia	18	2002	1	0	45	0.5	0	0	0	0	0	0	0	0	0	0	0	0	0	0	0	0	0	0	0	0	0
519	Eldor Shomurodov	uz UZB	FWMF	Roma	26	1995	28	5	784	8.7	3	4	3	0	0	2	0	0.34	0.46	0.8	0.34	0.8	4	4	2.2	6.2	0.46	0.25	0.71	0.46	0.71
520	Alassane Sidibe	ci CIV	FW	Atalanta	19	2002	1	0	6	0.1	0	0	0	0	0	0	0	0	0	0	0	0	0	0	0	0	0	0	0	0	0
521	Arnór Sigurðsson	is ISL	MFFW	Venezia	22	1999	9	0	183	2	0	0	0	0	0	0	0	0	0	0	0	0	0.1	0.1	0	0.1	0.04	0.02	0.06	0.04	0.06
522	Adrien Silva	pt POR	MF	Sampdoria	32	1989	17	12	1083	12	0	1	0	0	0	3	1	0	0.08	0.08	0	0.08	0.3	0.3	0.5	0.8	0.02	0.04	0.07	0.02	0.07
523	Marco Silvestri	it ITA	GK	Udinese	30	1991	35	35	3150	35	0	0	0	0	0	1	0	0	0	0	0	0	0	0	0.1	0.1	0	0	0	0	0
524	Giovanni Simeone	ar ARG	FW	Hellas Verona	26	1995	35	32	2653	29.5	17	5	17	0	1	8	0	0.58	0.17	0.75	0.58	0.75	10.7	9.9	2.7	12.6	0.36	0.09	0.45	0.34	0.43
525	Giovanni Simeone	ar ARG	FW	Cagliari	26	1995	1	0	7	0.1	0	0	0	0	0	0	0	0	0	0	0	0	0	0	0	0	0	0	0	0	0
526	Wilfried Singo	ci CIV	DF	Torino	20	2000	35	32	2607	29	3	4	3	0	0	5	1	0.1	0.14	0.24	0.1	0.24	2.7	2.7	2.4	5.1	0.09	0.08	0.18	0.09	0.18
527	Salvatore Sirigu	it ITA	GK	Genoa	34	1987	37	37	3330	37	0	0	0	0	0	0	0	0	0	0	0	0	0	0	0	0	0	0	0	0	0
528	Leo Skiri Østigård	no NOR	DF	Genoa	21	1999	15	13	1172	13	0	0	0	0	0	4	2	0	0	0	0	0	0.2	0.2	0.2	0.4	0.02	0.01	0.03	0.02	0.03
529	?ukasz Skorupski	pl POL	GK	Bologna	30	1991	36	36	3240	36	0	0	0	0	0	4	0	0	0	0	0	0	0	0	0	0	0	0	0	0	0
530	Andreas Skov Olsen	dk DEN	DFFW	Bologna	21	1999	18	6	747	8.3	0	2	0	0	0	0	0	0	0.24	0.24	0	0.24	0.9	0.9	0.4	1.3	0.11	0.05	0.15	0.11	0.15
531	Milan Škriniar	sk SVK	DF	Inter	26	1995	35	35	3150	35	3	0	3	0	0	3	0	0.09	0	0.09	0.09	0.09	2.5	2.5	0.6	3.1	0.07	0.02	0.09	0.07	0.09
532	Chris Smalling	eng ENG	DF	Roma	31	1989	27	23	2091	23.2	3	0	3	0	0	0	0	0.13	0	0.13	0.13	0.13	1.7	1.7	0.1	1.8	0.07	0	0.08	0.07	0.08
533	Brandon Soppy	fr FRA	DFMF	Udinese	19	2002	28	7	777	8.6	0	0	0	0	0	4	0	0	0	0	0	0	0.4	0.4	0.2	0.6	0.05	0.03	0.08	0.05	0.08
534	Roberto Soriano	it ITA	MFFW	Bologna	30	1991	35	32	2622	29.1	0	4	0	0	0	6	2	0	0.14	0.14	0	0.14	1.9	1.9	4.2	6.1	0.06	0.14	0.21	0.06	0.21
535	Riccardo Sottil	it ITA	FW	Fiorentina	22	1999	24	14	1239	13.8	3	2	3	0	0	4	1	0.22	0.15	0.36	0.22	0.36	2.5	2.5	2.1	4.7	0.18	0.16	0.34	0.18	0.34
536	Matìas Soulé	ar ARG	FW	Juventus	18	2003	2	0	5	0.1	0	0	0	0	0	0	0	0	0	0	0	0	0.1	0.1	0	0.1	2.4	0	2.4	2.4	2.4
537	Adama Soumaoro	fr FRA	DF	Bologna	29	1992	28	26	2266	25.2	0	0	0	0	0	6	2	0	0	0	0	0	0.9	0.9	0.1	0.9	0.03	0	0.04	0.03	0.04
538	Leonardo Spinazzola	it ITA	DF	Roma	28	1993	3	2	127	1.4	0	0	0	0	0	1	0	0	0	0	0	0	0.1	0.1	0.1	0.2	0.05	0.09	0.13	0.05	0.13
539	Marco Sportiello	it ITA	GK	Atalanta	29	1992	5	5	450	5	0	0	0	0	0	1	0	0	0	0	0	0	0	0	0	0	0	0	0	0	0
540	Luca Stanga	it ITA	DF	Milan	19	2002	1	0	3	0	0	0	0	0	0	0	0	0	0	0	0	0	0	0	0	0	0	0	0	0	0
541	Riccardo Stivanello	it ITA	DF	Bologna	17	2004	1	0	45	0.5	0	0	0	0	0	0	0	0	0	0	0	0	0	0	0	0	0	0	0	0	0
542	Petar Stojanovi?	si SVN	DF	Empoli	25	1995	33	32	2735	30.4	1	1	1	0	0	11	1	0.03	0.03	0.07	0.03	0.07	0.9	0.9	3.4	4.4	0.03	0.11	0.14	0.03	0.14
543	Thomas Strakosha	al ALB	GK	Lazio	26	1995	23	23	2070	23	0	0	0	0	0	2	0	0	0	0	0	0	0	0	0.1	0.1	0	0	0	0	0
544	Stefan Strandberg	no NOR	DF	Salernitana	31	1990	11	11	933	10.4	0	0	0	0	0	2	1	0	0	0	0	0	0.4	0.4	0.3	0.6	0.04	0.03	0.06	0.04	0.06
545	Dávid Strelec	sk SVK	FWMF	Spezia	20	2001	10	7	502	5.6	1	0	1	0	0	0	0	0.18	0	0.18	0.18	0.18	0.4	0.4	0.8	1.2	0.07	0.15	0.22	0.07	0.22
546	Kevin Strootman	nl NED	MF	Cagliari	31	1990	10	7	640	7.1	0	0	0	0	0	4	0	0	0	0	0	0	0	0	0.2	0.2	0	0.03	0.03	0	0.03
547	Jens Stryger Larsen	dk DEN	DF	Udinese	30	1991	11	8	684	7.6	0	1	0	0	0	0	0	0	0.13	0.13	0	0.13	0.7	0.7	0.9	1.6	0.09	0.12	0.21	0.09	0.21
548	Leo Štulac	si SVN	MF	Empoli	26	1994	23	8	833	9.3	2	2	2	0	0	1	0	0.22	0.22	0.43	0.22	0.43	0.3	0.3	0.5	0.8	0.04	0.05	0.09	0.04	0.09
549	Stefano Sturaro	it ITA	MF	Genoa	28	1993	25	24	1766	19.6	0	0	0	0	0	12	0	0	0	0	0	0	0.5	0.5	0.5	1	0.03	0.03	0.05	0.03	0.05
550	Isaac Success	ng NGA	FW	Udinese	25	1996	22	11	911	10.1	2	6	2	0	0	1	1	0.2	0.59	0.79	0.2	0.79	2.5	2.5	3	5.5	0.25	0.3	0.55	0.25	0.55
551	Vladyslav Supriaha	ua UKR	FW	Sampdoria	21	2000	1	0	22	0.2	0	0	0	0	0	0	0	0	0	0	0	0	0	0	0	0	0	0	0	0	0
552	Bosko Sutalo	hr CRO	DF	Hellas Verona	21	2000	24	6	920	10.2	0	0	0	0	0	0	0	0	0	0	0	0	0.3	0.3	0.1	0.3	0.03	0.01	0.03	0.03	0.03
553	Mattias Svanberg	se SWE	MF	Bologna	22	1999	36	31	2564	28.5	3	3	3	0	0	7	0	0.11	0.11	0.21	0.11	0.21	2	2	3.4	5.5	0.07	0.12	0.19	0.07	0.19
554	Michael Svoboda	at AUT	DF	Venezia	22	1998	18	13	1236	13.7	0	0	0	0	0	2	1	0	0	0	0	0	0.9	0.9	0.1	1	0.07	0	0.07	0.07	0.07
555	Wojciech Szcz?sny	pl POL	GK	Juventus	31	1990	33	33	2970	33	0	0	0	0	0	2	0	0	0	0	0	0	0	0	0.1	0.1	0	0	0	0	0
556	Adrien Tameze	cm CMR	MFDF	Hellas Verona	27	1994	38	26	2574	28.6	4	2	4	0	0	4	0	0.14	0.07	0.21	0.14	0.21	1.4	1.4	1.7	3	0.05	0.06	0.11	0.05	0.11
557	Ciprian T?t?ru?anu	ro ROU	GK	Milan	35	1986	6	6	540	6	0	0	0	0	0	0	0	0	0	0	0	0	0	0	0	0	0	0	0	0	0
558	Filippo Terracciano	it ITA	DF	Hellas Verona	18	2003	1	0	7	0.1	0	0	0	0	0	0	0	0	0	0	0	0	0	0	0	0	0	0	0	0	0
559	Pietro Terracciano	it ITA	GK	Fiorentina	31	1990	32	31	2862	31.8	0	0	0	0	0	0	0	0	0	0	0	0	0	0	0	0	0	0	0	0	0
560	Aleksa Terzi?	rs SRB	DF	Fiorentina	21	1999	14	1	274	3	0	1	0	0	0	1	0	0	0.33	0.33	0	0.33	0	0	0.4	0.4	0	0.14	0.14	0	0.14
561	Tanner Tessmann	us USA	MF	Venezia	19	2001	20	6	680	7.6	0	0	0	0	0	1	1	0	0	0	0	0	0.8	0.8	0.2	0.9	0.1	0.02	0.13	0.1	0.13
562	Arthur Theate	be BEL	DF	Bologna	21	2000	31	28	2424	26.9	2	1	2	0	0	6	0	0.07	0.04	0.11	0.07	0.11	1.5	1.5	0.3	1.8	0.06	0.01	0.07	0.06	0.07
563	Morten Thorsby	no NOR	MF	Sampdoria	25	1996	35	35	2943	32.7	3	1	3	0	0	10	0	0.09	0.03	0.12	0.09	0.12	3.4	3.4	1.1	4.4	0.1	0.03	0.14	0.1	0.14
564	Jeremy Toljan	de GER	DF	Sassuolo	26	1994	20	15	1399	15.5	0	1	0	0	0	2	0	0	0.06	0.06	0	0.06	0.1	0.1	1.1	1.2	0	0.07	0.08	0	0.08
565	Rafael Tolói	it ITA	DF	Atalanta	30	1990	20	16	1438	16	1	1	1	0	0	6	0	0.06	0.06	0.13	0.06	0.13	1.3	1.3	0.5	1.8	0.08	0.03	0.11	0.08	0.11
566	Takehiro Tomiyasu	jp JPN	DF	Bologna	22	1998	1	0	10	0.1	0	0	0	0	0	0	0	0	0	0	0	0	0	0	0	0	0	0.3	0.3	0	0.3
567	Fikayo Tomori	eng ENG	DF	Milan	23	1997	31	30	2718	30.2	0	0	0	0	0	4	0	0	0	0	0	0	2.2	2.2	0.1	2.2	0.07	0	0.07	0.07	0.07
568	Sandro Tonali	it ITA	MF	Milan	21	2000	36	31	2600	28.9	5	2	5	0	0	9	0	0.17	0.07	0.24	0.17	0.24	4.3	4.3	4	8.3	0.15	0.14	0.29	0.15	0.29
569	Lorenzo Tonelli	it ITA	DF	Empoli	31	1990	14	8	870	9.7	0	0	0	0	0	4	0	0	0	0	0	0	0.4	0.4	0.2	0.6	0.04	0.02	0.07	0.04	0.07
570	Ernesto Torregrossa	it ITA	FW	Sampdoria	29	1992	10	0	116	1.3	0	0	0	0	0	1	0	0	0	0	0	0	0	0	0.1	0.1	0	0.1	0.1	0	0.1
571	Lucas Torreira	uy URU	MF	Fiorentina	25	1996	31	26	2195	24.4	5	1	5	0	0	10	1	0.21	0.04	0.25	0.21	0.25	4.6	4.4	1.7	6.2	0.19	0.07	0.26	0.18	0.25
572	Abdoulaye Touré	fr FRA	MF	Genoa	27	1994	8	6	430	4.8	0	0	0	0	0	1	0	0	0	0	0	0	0.2	0.2	0	0.2	0.03	0	0.03	0.03	0.03
573	Simone Trimboli	it ITA	MF	Sampdoria	19	2002	5	0	65	0.7	0	0	0	0	0	1	0	0	0	0	0	0	0	0	0.2	0.2	0	0.35	0.35	0	0.35
574	Axel Tuanzebe	eng ENG	DF	Napoli	23	1997	1	0	11	0.1	0	0	0	0	0	0	0	0	0	0	0	0	0	0	0	0	0	0	0	0	0
575	Iyenoma Udogie	it ITA	DF	Udinese	18	2002	35	29	2477	27.5	5	3	5	0	0	4	0	0.18	0.11	0.29	0.18	0.29	3.9	3.9	2.1	6	0.14	0.08	0.22	0.14	0.22
576	Maximilian Ullmann	at AUT	DF	Venezia	25	1996	5	2	246	2.7	0	0	0	0	0	0	0	0	0	0	0	0	0	0	0	0	0	0	0	0	0
577	Kacper Urbanski	pl POL	MF	Bologna	16	2004	1	0	45	0.5	0	0	0	0	0	0	0	0	0	0	0	0	0	0	0	0	0	0	0	0	0
578	Antonio Vacca	it ITA	MF	Venezia	31	1990	21	15	1064	11.8	0	0	0	0	0	5	0	0	0	0	0	0	0	0	0.3	0.3	0	0.02	0.02	0	0.02
579	Zinho Vanheusden	be BEL	DF	Genoa	22	1999	14	11	989	11	0	0	0	0	0	3	0	0	0	0	0	0	0.2	0.2	0.1	0.2	0.01	0.01	0.02	0.01	0.02
580	Johan Vásquez	mx MEX	DF	Genoa	22	1998	28	27	2279	25.3	1	0	1	0	0	7	0	0.04	0	0.04	0.04	0.04	0.9	0.9	0.1	1	0.03	0.01	0.04	0.03	0.04
581	Denis Vavro	sk SVK	DF	Lazio	25	1996	1	0	8	0.1	0	0	0	0	0	0	0	0	0	0	0	0	0	0	0	0	0	0	0	0	0
582	Matías Vecino	uy URU	MF	Inter	29	1991	17	2	377	4.2	1	0	1	0	0	2	0	0.24	0	0.24	0.24	0.24	1.3	1.3	0.8	2.1	0.31	0.18	0.49	0.31	0.49
583	Miguel Veloso	pt POR	MF	Hellas Verona	35	1986	22	17	1343	14.9	0	3	0	0	0	7	1	0	0.2	0.2	0	0.2	0.6	0.6	2	2.6	0.04	0.13	0.18	0.04	0.18
584	Lorenzo Venuti	it ITA	DF	Fiorentina	26	1995	23	20	1571	17.5	0	0	0	0	0	4	0	0	0	0	0	0	0.2	0.2	0.4	0.6	0.01	0.02	0.04	0.01	0.04
585	Daniele Verde	it ITA	FWMF	Spezia	25	1996	33	21	1957	21.7	8	6	7	1	2	2	0	0.37	0.28	0.64	0.32	0.6	5.6	4.2	4.9	9	0.26	0.22	0.48	0.19	0.41
586	Simone Verdi	it ITA	FWMF	Torino	29	1992	3	0	46	0.5	1	0	1	0	0	0	0	1.96	0	1.96	1.96	1.96	0.3	0.3	0	0.4	0.62	0.07	0.69	0.62	0.69
587	Simone Verdi	it ITA	FWMF	Salernitana	29	1992	15	11	829	9.2	5	0	4	1	1	3	0	0.54	0	0.54	0.43	0.43	3.9	3.1	1.3	4.4	0.42	0.14	0.56	0.34	0.48
588	Jordan Veretout	fr FRA	MF	Roma	28	1993	36	26	2319	25.8	4	8	3	1	2	6	0	0.16	0.31	0.47	0.12	0.43	4.6	3.1	4.4	7.5	0.18	0.17	0.35	0.12	0.29
589	Edoardo Vergani	it ITA	FWMF	Salernitana	20	2001	6	1	102	1.1	0	0	0	0	0	0	0	0	0	0	0	0	0	0	0	0	0	0	0	0	0
590	Valerio Verre	it ITA	MFFW	Sampdoria	27	1994	11	6	420	4.7	0	0	0	0	0	0	0	0	0	0	0	0	0.8	0.8	0.3	1.1	0.17	0.05	0.23	0.17	0.23
591	Valerio Verre	it ITA	MFFW	Empoli	27	1994	8	4	310	3.4	0	1	0	0	0	2	1	0	0.29	0.29	0	0.29	0.7	0.7	0.7	1.3	0.19	0.2	0.39	0.19	0.39
592	Freddie Veseli	al ALB	DF	Salernitana	28	1992	9	8	596	6.6	0	0	0	0	0	3	1	0	0	0	0	0	0	0	0	0	0.01	0	0.01	0.01	0.01
593	Guglielmo Vicario	it ITA	GK	Empoli	24	1996	38	38	3420	38	0	0	0	0	0	1	0	0	0	0	0	0	0	0	0	0	0	0	0	0	0
594	Arturo Vidal	cl CHI	MF	Inter	34	1987	28	2	741	8.2	1	1	1	0	0	3	0	0.12	0.12	0.24	0.12	0.24	1.8	1.8	2.3	4.1	0.22	0.28	0.5	0.22	0.5
595	Ronaldo Vieira	gw GNB	MF	Sampdoria	23	1998	14	4	495	5.5	0	0	0	0	0	3	0	0	0	0	0	0	0.1	0.1	0	0.1	0.01	0	0.01	0.01	0.01
596	Luca Vignali	it ITA	DF	Spezia	25	1996	2	1	85	0.9	0	0	0	0	0	0	0	0	0	0	0	0	0	0	0	0	0	0	0	0	0
597	Emanuel Vignato	it ITA	MFDF	Bologna	20	2000	24	3	594	6.6	0	1	0	0	0	2	0	0	0.15	0.15	0	0.15	0.2	0.2	1.7	2	0.04	0.26	0.3	0.04	0.3
598	Matías Viña	uy URU	DF	Roma	23	1997	26	18	1565	17.4	0	1	0	0	0	2	0	0	0.06	0.06	0	0.06	0.7	0.7	1.4	2.1	0.04	0.08	0.12	0.04	0.12
599	Nicolas Viola	it ITA	MF	Bologna	31	1989	6	1	102	1.1	0	0	0	0	0	0	0	0	0	0	0	0	0	0	0	0	0.03	0	0.03	0.03	0.03
600	Mattia Viti	it ITA	DF	Empoli	19	2002	20	16	1491	16.6	0	0	0	0	0	3	1	0	0	0	0	0	0.5	0.5	0	0.6	0.03	0	0.03	0.03	0.03
601	Dušan Vlahovi?	rs SRB	FW	Fiorentina	21	2000	21	21	1857	20.6	17	2	12	5	6	2	0	0.82	0.1	0.92	0.58	0.68	12.7	8.1	1.9	10.1	0.62	0.09	0.71	0.39	0.49
602	Dušan Vlahovi?	rs SRB	FW	Juventus	21	2000	15	12	1076	12	7	1	7	0	0	2	0	0.59	0.08	0.67	0.59	0.67	5.4	5.4	1.2	6.6	0.45	0.1	0.55	0.45	0.55
603	Mërgim Vojvoda	xk KVX	DF	Torino	26	1995	29	22	1976	22	0	3	0	0	0	3	0	0	0.14	0.14	0	0.14	1.5	1.5	2.4	4	0.07	0.11	0.18	0.07	0.18
604	Cristian Volpato	it ITA	MFFW	Roma	17	2003	3	0	38	0.4	1	0	1	0	0	0	0	2.37	0	2.37	2.37	2.37	0.1	0.1	0	0.1	0.14	0.11	0.25	0.14	0.25
605	Stefan de Vrij	nl NED	DF	Inter	29	1992	30	28	2410	26.8	0	0	0	0	0	3	0	0	0	0	0	0	2.5	2.5	0	2.5	0.09	0	0.09	0.09	0.09
606	Walace	br BRA	MF	Udinese	26	1995	36	33	2970	33	1	0	1	0	0	6	1	0.03	0	0.03	0.03	0.03	1.4	1.4	2.1	3.5	0.04	0.06	0.11	0.04	0.11
607	Sebastian Walukiewicz	pl POL	DF	Cagliari	21	2000	7	4	302	3.4	0	0	0	0	0	1	0	0	0	0	0	0	0.3	0.3	0	0.3	0.09	0.01	0.1	0.09	0.1
608	Magnus Warming	dk DEN	FWDF	Torino	21	2000	4	0	58	0.6	0	0	0	0	0	0	0	0	0	0	0	0	0	0	0	0	0	0	0	0	0
609	Kelvin Yeboah	it ITA	FW	Genoa	21	2000	17	9	850	9.4	0	1	0	0	0	2	0	0	0.11	0.11	0	0.11	1.4	1.4	1.3	2.7	0.14	0.14	0.28	0.14	0.28
610	Gerard Yepes	es ESP	MFDF	Sampdoria	18	2002	4	0	21	0.2	0	0	0	0	0	0	0	0	0	0	0	0	0	0	0	0	0	0	0	0	0
611	Maya Yoshida	jp JPN	DF	Sampdoria	32	1988	26	19	1823	20.3	2	3	2	0	0	2	0	0.1	0.15	0.25	0.1	0.25	0.8	0.8	1.3	2.1	0.04	0.06	0.1	0.04	0.1
612	Mattia Zaccagni	it ITA	MFFW	Hellas Verona	26	1995	2	2	180	2	2	0	1	1	1	0	0	1	0	1	0.5	0.5	1.2	0.4	0.8	1.2	0.59	0.39	0.98	0.21	0.6
613	Mattia Zaccagni	it ITA	FW	Lazio	26	1995	29	21	1876	20.8	4	5	4	0	0	6	0	0.19	0.24	0.43	0.19	0.43	3.5	3.5	2.3	5.8	0.17	0.11	0.28	0.17	0.28
614	Denis Zakaria	ch SUI	MF	Juventus	24	1996	9	6	597	6.6	1	1	1	0	0	1	0	0.15	0.15	0.3	0.15	0.3	1.5	1.5	0.3	1.7	0.22	0.04	0.26	0.22	0.26
615	Nicola Zalewski	pl POL	DF	Roma	19	2002	16	9	793	8.8	0	0	0	0	0	1	0	0	0	0	0	0	0.4	0.4	0.6	0.9	0.04	0.07	0.11	0.04	0.11
616	Andre-Frank Zambo Anguissa	cm CMR	MF	Napoli	25	1995	25	21	1926	21.4	0	1	0	0	0	5	0	0	0.05	0.05	0	0.05	1.1	1.1	1.6	2.8	0.05	0.08	0.13	0.05	0.13
617	Nicolò Zaniolo	it ITA	FW	Roma	22	1999	28	23	1971	21.9	2	1	2	0	0	12	2	0.09	0.05	0.14	0.09	0.14	4.8	4.8	2.6	7.4	0.22	0.12	0.34	0.22	0.34
618	Alessandro Zanoli	it ITA	DF	Napoli	20	2000	12	5	457	5.1	0	0	0	0	0	2	0	0	0	0	0	0	0	0	0.2	0.2	0	0.04	0.04	0	0.04
619	Mattia Zanotti	it ITA	DF	Inter	18	2003	1	0	9	0.1	0	0	0	0	0	0	0	0	0	0	0	0	0	0	0.1	0.1	0	0.75	0.75	0	0.75
620	Duván Zapata	co COL	FW	Atalanta	30	1991	24	20	1722	19.1	10	4	7	3	3	3	0	0.52	0.21	0.73	0.37	0.57	13.6	11.4	4.3	15.7	0.71	0.23	0.94	0.59	0.82
621	Gabriele Zappa	it ITA	DF	Cagliari	21	1999	25	11	1144	12.7	0	0	0	0	0	4	1	0	0	0	0	0	0.5	0.5	1.3	1.8	0.04	0.1	0.14	0.04	0.14
622	Davide Zappacosta	it ITA	DF	Atalanta	29	1992	34	29	2345	26.1	1	5	1	0	0	6	0	0.04	0.19	0.23	0.04	0.23	2.2	2.2	4.2	6.4	0.09	0.16	0.25	0.09	0.25
623	Simone Zaza	it ITA	FWMF	Torino	30	1991	10	0	129	1.4	0	0	0	0	0	1	0	0	0	0	0	0	1	1	0	1	0.7	0	0.7	0.7	0.7
624	Marvin Zeegelaar	nl NED	DF	Udinese	30	1990	14	6	643	7.1	0	0	0	0	0	2	0	0	0	0	0	0	0.2	0.2	0	0.2	0.02	0.01	0.03	0.02	0.03
625	Piotr Zieli?ski	pl POL	MF	Napoli	27	1994	35	26	2086	23.2	6	5	6	0	0	1	0	0.26	0.22	0.47	0.26	0.47	3	3	3.3	6.3	0.13	0.14	0.27	0.13	0.27
626	David Zima	cz CZE	DF	Torino	20	2000	20	13	1314	14.6	0	0	0	0	0	3	0	0	0	0	0	0	0.7	0.7	0.4	1.1	0.05	0.03	0.07	0.05	0.07
627	Jeroen Zoet	nl NED	GK	Spezia	30	1991	7	7	630	7	0	0	0	0	0	0	0	0	0	0	0	0	0	0	0	0	0	0	0	0	0
628	Nadir Zortea	it ITA	DFMF	Salernitana	22	1999	29	13	1410	15.7	1	2	1	0	0	3	0	0.06	0.13	0.19	0.06	0.19	0.6	0.6	2.1	2.7	0.04	0.13	0.17	0.04	0.17
629	Petar Zovko	ba BIH	GK	Spezia	19	2002	1	0	29	0.3	0	0	0	0	0	1	0	0	0	0	0	0	0	0	0	0	0	0	0	0	0
630	Szymon ?urkowski	pl POL	MF	Empoli	23	1997	35	29	2307	25.6	6	2	6	0	0	5	0	0.23	0.08	0.31	0.23	0.31	4.1	4.1	1.5	5.5	0.16	0.06	0.22	0.16	0.22
631	Milan ?uri?	ba BIH	FW	Salernitana	31	1990	33	23	2165	24.1	5	4	4	1	1	6	0	0.21	0.17	0.37	0.17	0.33	5.8	5	3.1	8.1	0.24	0.13	0.37	0.21	0.34
632	Filip ?uri?i?	rs SRB	MFFW	Sassuolo	29	1992	12	9	671	7.5	2	1	2	0	0	1	0	0.27	0.13	0.4	0.27	0.4	2	2	1.3	3.3	0.27	0.17	0.44	0.27	0.44
